
 First 2000 Particles used for Replotting

 Calculated Variable Mean Prerotation {'v1111': 0.13720756647727028, 'v1112': -0.020306149664646493, 'v1113': 0.08244711980181085, 'v1122': -0.0776463894710089, 'v1123': 0.04721648461118263, 'v1222': 0.06433395462517923, 'v1223': -0.04139127392007197, 'v2222': 0.15869351299235618, 'v2223': -0.03789148025957977, 'std_dev': 3.0162845058308476}

 Calculated Variable Std Dev Prerotation {'v1111': 0.010977574233376825, 'v1112': 0.03543244001559747, 'v1113': 0.06261970682779369, 'v1122': 0.018697413855739187, 'v1123': 0.04229399777087041, 'v1222': 0.03330922973088234, 'v1223': 0.03995770069085795, 'v2222': 0.020527975124032986, 'v2223': 0.04461117895121833, 'std_dev': 0.43052128412884666}

 Calculated Variable Covar Prerotation [[ 1.20507136e-04  1.17135064e-04  3.19953734e-04 -7.05260238e-05
   6.64708840e-05  1.08350981e-04 -6.46780786e-05  2.12248556e-05
  -6.86218190e-05 -1.99228257e-03]
 [ 1.17135064e-04  1.25545781e-03  7.68869626e-04 -1.47788853e-04
   1.23215813e-04 -3.82833367e-04 -4.24658885e-05  1.25653151e-04
   2.22557719e-04 -3.82868383e-03]
 [ 3.19953734e-04  7.68869626e-04  3.92122768e-03 -4.17883290e-04
   6.75093608e-04  6.71104575e-04 -1.57549358e-03  2.57796005e-04
  -3.30717080e-04 -8.84013174e-03]
 [-7.05260238e-05 -1.47788853e-04 -4.17883290e-04  3.49593285e-04
  -7.14026907e-05 -1.94352573e-04 -2.13398905e-04 -3.50765464e-04
  -1.32445725e-04  3.86781091e-03]
 [ 6.64708840e-05  1.23215813e-04  6.75093608e-04 -7.14026907e-05
   1.78878225e-03  5.23368451e-04 -1.63014669e-04  5.15097948e-05
  -1.40310851e-03 -4.33466171e-03]
 [ 1.08350981e-04 -3.82833367e-04  6.71104575e-04 -1.94352573e-04
   5.23368451e-04  1.10950479e-03 -2.74168978e-04  9.20593356e-05
  -5.45125582e-04 -6.10018622e-03]
 [-6.46780786e-05 -4.24658885e-05 -1.57549358e-03 -2.13398905e-04
  -1.63014669e-04 -2.74168978e-04  1.59661784e-03  3.52346567e-04
   5.20328034e-04 -1.27238634e-03]
 [ 2.12248556e-05  1.25653151e-04  2.57796005e-04 -3.50765464e-04
   5.15097948e-05  9.20593356e-05  3.52346567e-04  4.21397763e-04
   2.49941115e-04 -2.95059894e-03]
 [-6.86218190e-05  2.22557719e-04 -3.30717080e-04 -1.32445725e-04
  -1.40310851e-03 -5.45125582e-04  5.20328034e-04  2.49941115e-04
   1.99015729e-03  2.60160597e-03]
 [-1.99228257e-03 -3.82868383e-03 -8.84013174e-03  3.86781091e-03
  -4.33466171e-03 -6.10018622e-03 -1.27238634e-03 -2.95059894e-03
   2.60160597e-03  1.85348576e-01]]


 All Propagated Means:
 {'c11': (272.3029758856982+0j), 'c12': (133.9135686804276+0j), 'c13': (131.78345543387405+0j), 'c22': (267.7269389677905+0j), 'c23': (136.35949235178185+0j), 'c33': (269.8570522143441+0j), 'c44': (107.97293152401548+0j), 'c55': (104.16365298646662+0j), 'c66': (107.413687909532+0j), 'c14': (-10.865951924118768+0j), 'c15': (-17.87720767353766+0j), 'c16': (4.7141408762400125+0j), 'c24': (7.6060555675778065+0j), 'c25': (9.785442941686048+0j), 'c26': (-13.245476587769316+0j), 'c34': (3.2598963565409584+0j), 'c35': (8.091764731851612+0j), 'c36': (8.531335711529303+0j), 'c45': (11.49488082756753+0j), 'c46': (9.256516682189101+0j), 'c56': (-11.225823532181284+0j), 'HS_Upper_C11': (273.92927493827347+0j), 'HS_Upper_C12': (133.243164487376+0j), 'HS_Upper_C13': (130.82756057434966+0j), 'HS_Upper_C22': (269.40110811857176+0j), 'HS_Upper_C23': (135.35572739405126+0j), 'HS_Upper_C33': (271.8167120315982+0j), 'HS_Upper_C44': (109.0927263633985+0j), 'HS_Upper_C55': (105.14744299317968+0j), 'HS_Upper_C66': (108.52168058795243+0j), 'HS_Upper_C14': (-10.594549367705635+0j), 'HS_Upper_C15': (-17.688819283486676+0j), 'HS_Upper_C16': (4.587484829511415+0j), 'HS_Upper_C24': (7.616116821587086+0j), 'HS_Upper_C25': (9.524285458427691+0j), 'HS_Upper_C26': (-13.229743351863496+0j), 'HS_Upper_C34': (2.9784325461185484+0j), 'HS_Upper_C35': (8.164533825058989+0j), 'HS_Upper_C36': (8.642258522352083+0j), 'HS_Upper_C45': (10.997809748196863+0j), 'HS_Upper_C46': (9.12818221105378+0j), 'HS_Upper_C56': (-10.889728644257195+0j), 'HS_Lower_C11': (269.7652622661376+0j), 'HS_Lower_C12': (134.94313497468545+0j), 'HS_Lower_C13': (133.29160275917718+0j), 'HS_Lower_C22': (265.1136044846679+0j), 'HS_Lower_C23': (137.94326054064695+0j), 'HS_Lower_C33': (266.7651367001762+0j), 'HS_Lower_C44': (106.0804511844911+0j), 'HS_Lower_C55': (102.5478127290904+0j), 'HS_Lower_C66': (105.51700592600854+0j), 'HS_Lower_C14': (-11.294732544554115+0j), 'HS_Lower_C15': (-18.138833155076583+0j), 'HS_Lower_C16': (4.924538661550376+0j), 'HS_Lower_C24': (7.570222080087426+0j), 'HS_Lower_C25': (10.195533627559207+0j), 'HS_Lower_C26': (-13.217471830796647+0j), 'HS_Lower_C34': (3.7245104644666878+0j), 'HS_Lower_C35': (7.9432995275173734+0j), 'HS_Lower_C36': (8.292933169246275+0j), 'HS_Lower_C45': (12.312785024628177+0j), 'HS_Lower_C46': (9.404228797853587+0j), 'HS_Lower_C56': (-11.756065963556765+0j), 'c4-40': (1.3091387904422058+0.5802952569221584j), 'c4-30': (-1.006019771014275+0.8611332557735287j), 'c4-20': (0.19467848686721295+0.802165465922557j), 'c4-10': (0.5327353661433245-0.11461470780766934j), 'c400': (2.0246712854385946+0j), 'c410': (0.5327353661433245+0.11461470780766934j), 'c420': (0.19467848686721295-0.802165465922557j), 'c430': (-1.006019771014275-0.8611332557735287j), 'c440': (1.3091387904422058-0.5802952569221584j),
 All Propagted Std Devs:
 {'c11': (2.5717223370490823+0j), 'c12': (3.8145636528936318+0j), 'c13': (4.234496136946697+0j), 'c22': (4.295581995527901+0j), 'c23': (1.8041711769648554+0j), 'c33': (3.810793417455678+0j), 'c44': (2.0038664701525413+0j), 'c55': (4.0822514928510545+0j), 'c66': (4.1866681462848705+0j), 'c14': (9.554934742302791+0j), 'c15': (12.946717989889315+0j), 'c16': (7.4272374782164725+0j), 'c24': (9.427474421320051+0j), 'c25': (8.807416545116686+0j), 'c26': (6.9082300273209745+0j), 'c34': (6.864631758149658+0j), 'c35': (9.825818955985872+0j), 'c36': (8.009955781331234+0j), 'c45': (10.164341627427332+0j), 'c46': (9.72931259590152+0j), 'c56': (10.595045538128444+0j), 'HS_Upper_C11': (2.4962855699034736+0j), 'HS_Upper_C12': (3.821170225194556+0j), 'HS_Upper_C13': (4.136932370850365+0j), 'HS_Upper_C22': (4.2718247603756705+0j), 'HS_Upper_C23': (1.7795157798697931+0j), 'HS_Upper_C33': (3.7651459277450043+0j), 'HS_Upper_C44': (1.9172051249526634+0j), 'HS_Upper_C55': (4.00979991252964+0j), 'HS_Upper_C66': (4.140934642896193+0j), 'HS_Upper_C14': (9.394669582851261+0j), 'HS_Upper_C15': (12.868775741222915+0j), 'HS_Upper_C16': (7.385289834419111+0j), 'HS_Upper_C24': (9.40412168220782+0j), 'HS_Upper_C25': (8.679305506510271+0j), 'HS_Upper_C26': (6.891490990003729+0j), 'HS_Upper_C34': (6.738932267319651+0j), 'HS_Upper_C35': (9.82461131493048+0j), 'HS_Upper_C36': (8.02331941551652+0j), 'HS_Upper_C45': (9.732405192247072+0j), 'HS_Upper_C46': (9.410735786574879+0j), 'HS_Upper_C56': (10.224468603551554+0j), 'HS_Lower_C11': (2.704638956868446+0j), 'HS_Lower_C12': (3.790586150453261+0j), 'HS_Lower_C13': (4.3894227397701195+0j), 'HS_Lower_C22': (4.325076794767121+0j), 'HS_Lower_C23': (1.8421214246698352+0j), 'HS_Lower_C33': (3.8774049715576764+0j), 'HS_Lower_C44': (2.182573829079837+0j), 'HS_Lower_C55': (4.206991432028324+0j), 'HS_Lower_C66': (4.230199418970539+0j), 'HS_Lower_C14': (9.802294162222866+0j), 'HS_Lower_C15': (13.042907871481102+0j), 'HS_Lower_C16': (7.489478983774103+0j), 'HS_Lower_C24': (9.4309591369049+0j), 'HS_Lower_C25': (8.995852258207652+0j), 'HS_Lower_C26': (6.912550109220893+0j), 'HS_Lower_C34': (7.067056228606867+0j), 'HS_Lower_C35': (9.79900423523519+0j), 'HS_Lower_C36': (7.955673160028779+0j), 'HS_Lower_C45': (10.888838723920191+0j), 'HS_Lower_C46': (10.25421503767454+0j), 'HS_Lower_C56': (11.205258363150008+0j), 'c4-40': (0.010699216625728822+0.311837413637444j), 'c4-30': (0.37156784001260873-0.3771682474315202j), 'c4-20': (0.00399495147133267-0.6874611087451683j), 'c4-10': (0.5233710805676751-0.21733938103759928j), 'c400': (0.25276944350167746+0j), 'c410': (0.5233710805676751+0.21733938103759928j), 'c420': (0.00399495147133267+0.6874611087451683j), 'c430': (0.37156784001260873+0.3771682474315202j), 'c440': (0.010699216625728822-0.311837413637444j),
 Ordered Covariance Matrix (by input parameter order)
 [[ 6.61375578+0.j  0.        +0.j  0.        +0.j ...  0.        +0.j
   0.        +0.j  0.        +0.j]
 [ 0.        +0.j 14.55089586+0.j  0.        +0.j ...  0.        +0.j
   0.        +0.j  0.        +0.j]
 [ 0.        +0.j  0.        +0.j 17.93095753+0.j ...  0.        +0.j
   0.        +0.j  0.        +0.j]
 ...
 [ 0.        +0.j  0.        +0.j  0.        +0.j ...  2.8708799 +0.j
   0.        +0.j  0.        +0.j]
 [ 0.        +0.j  0.        +0.j  0.        +0.j ...  0.        +0.j
   2.35563129+0.j  0.        +0.j]
 [ 0.        +0.j  0.        +0.j  0.        +0.j ...  0.        +0.j
   0.        +0.j  1.80124132+0.j]]

 Mean Propagated Clmn:
 OrderedDict([('c400', 2.0246712854385946), ('c410', 0.5327353661433245), ('c420', 0.19467848686721295), ('c430', -1.006019771014275), ('c440', 1.3091387904422058), ('c440imag', -0.5802952569221584), ('c430imag', -0.8611332557735287), ('c420imag', -0.802165465922557), ('c410imag', 0.11461470780766934)])
 Std Dev Propagated Clmn:
OrderedDict([('c400', 0.25276944350167746), ('c410', 0.5233710805676751), ('c420', 0.00399495147133267), ('c430', 0.37156784001260873), ('c440', 0.010699216625728822), ('c440imag', -0.311837413637444), ('c430imag', 0.3771682474315202), ('c420imag', 0.6874611087451683), ('c410imag', 0.21733938103759928)])
 Number of particles unrotated:
 2354 out of total particles 2800
 Number of particles rotated X:
 201
 Number of particles rotated Y:
 146
 Number of particles rotated Z:
 99
 Calculated Variable Mean rotated {'v1111': 0.13720756647727028, 'v1112': -0.012486002426717928, 'v1113': 0.0927289960004226, 'v1122': -0.0776463894710089, 'v1123': 0.05467913638846759, 'v1222': 0.0607579472640858, 'v1223': -0.04609239214842312, 'v2222': 0.15869351299235618, 'v2223': -0.045185012105753194, 'std_dev': 3.0162845058308476}

 Calculated Variable Std Dev rotated {'v1111': 0.010977574233376825, 'v1112': 0.038883782753393235, 'v1113': 0.04604050659668601, 'v1122': 0.018697413855739187, 'v1123': 0.03206584783787605, 'v1222': 0.03945787413233307, 'v1223': 0.03442767079831312, 'v2222': 0.020527975124032986, 'v2223': 0.03720369653989303, 'std_dev': 0.43052128412884666}

 Calculated Variable Covar rotated [[ 1.20507136e-04 -3.87119375e-05  1.67528624e-04 -7.05260238e-05
   7.16568309e-06  1.90443918e-04 -1.50961322e-05  2.12248556e-05
  -3.54656963e-05 -1.99228257e-03]
 [-3.87119375e-05  1.51194856e-03  3.61821405e-04 -1.13314972e-04
   9.09182101e-05 -9.30693973e-04  2.03443794e-04  1.61668795e-04
   1.38825462e-04  1.20890676e-05]
 [ 1.67528624e-04  3.61821405e-04  2.11972825e-03 -2.89778454e-04
   2.64948485e-04  4.55258134e-04 -7.13811316e-04  2.10691410e-04
   2.65719398e-05 -5.41976266e-03]
 [-7.05260238e-05 -1.13314972e-04 -2.89778454e-04  3.49593285e-04
  -9.86602380e-06 -2.29636191e-04 -2.91822580e-04 -3.50765464e-04
  -2.15468374e-04  3.86781091e-03]
 [ 7.16568309e-06  9.09182101e-05  2.64948485e-04 -9.86602380e-06
   1.02821860e-03  8.05269734e-05  6.53347799e-05  4.52950226e-05
  -7.21397226e-04 -1.80488490e-03]
 [ 1.90443918e-04 -9.30693973e-04  4.55258134e-04 -2.29636191e-04
   8.05269734e-05  1.55692383e-03 -2.28314245e-04  8.28254254e-05
  -8.85213740e-05 -7.57884197e-03]
 [-1.50961322e-05  2.03443794e-04 -7.13811316e-04 -2.91822580e-04
   6.53347799e-05 -2.28314245e-04  1.18526452e-03  4.04316420e-04
   3.58137263e-04 -2.95641686e-03]
 [ 2.12248556e-05  1.61668795e-04  2.10691410e-04 -3.50765464e-04
   4.52950226e-05  8.28254254e-05  4.04316420e-04  4.21397763e-04
   2.85005309e-04 -2.95059894e-03]
 [-3.54656963e-05  1.38825462e-04  2.65719398e-05 -2.15468374e-04
  -7.21397226e-04 -8.85213740e-05  3.58137263e-04  2.85005309e-04
   1.38411504e-03  2.16860450e-04]
 [-1.99228257e-03  1.20890676e-05 -5.41976266e-03  3.86781091e-03
  -1.80488490e-03 -7.57884197e-03 -2.95641686e-03 -2.95059894e-03
   2.16860450e-04  1.85348576e-01]]


 All Rotated Propagated Means:
 {'c11': (272.3029758856982+0j), 'c12': (133.9135686804276+0j), 'c13': (131.78345543387405+0j), 'c22': (267.7269389677905+0j), 'c23': (136.35949235178185+0j), 'c33': (269.8570522143441+0j), 'c44': (107.97293152401548+0j), 'c55': (104.16365298646662+0j), 'c66': (107.413687909532+0j), 'c14': (-13.821554063365099+0j), 'c15': (-21.640327327005547+0j), 'c16': (1.9127671740843148+0j), 'c24': (10.342400152936149+0j), 'c25': (11.551045694661095+0j), 'c26': (-11.911048779468139+0j), 'c34': (3.4791539104289515+0j), 'c35': (10.089281632344452+0j), 'c36': (9.998281605383823+0j), 'c45': (13.47995614961842+0j), 'c46': (11.43554456996086+0j), 'c56': (-14.448398181771012+0j), 'HS_Upper_C11': (273.92927493827347+0j), 'HS_Upper_C12': (133.243164487376+0j), 'HS_Upper_C13': (130.82756057434966+0j), 'HS_Upper_C22': (269.40110811857176+0j), 'HS_Upper_C23': (135.35572739405126+0j), 'HS_Upper_C33': (271.8167120315982+0j), 'HS_Upper_C44': (109.0927263633985+0j), 'HS_Upper_C55': (105.14744299317968+0j), 'HS_Upper_C66': (108.52168058795243+0j), 'HS_Upper_C14': (-13.506169269296027+0j), 'HS_Upper_C15': (-21.44803819309739+0j), 'HS_Upper_C16': (1.7785443764377806+0j), 'HS_Upper_C24': (10.339381748862419+0j), 'HS_Upper_C25': (11.278214114330698+0j), 'HS_Upper_C26': (-11.903233773938288+0j), 'HS_Upper_C34': (3.166787520433607+0j), 'HS_Upper_C35': (10.169824078766691+0j), 'HS_Upper_C36': (10.12468939750051+0j), 'HS_Upper_C45': (12.898585421185262+0j), 'HS_Upper_C46': (11.21220026679881+0j), 'HS_Upper_C56': (-14.014825972983118+0j), 'HS_Lower_C11': (269.7652622661376+0j), 'HS_Lower_C12': (134.94313497468545+0j), 'HS_Lower_C13': (133.29160275917718+0j), 'HS_Lower_C22': (265.1136044846679+0j), 'HS_Lower_C23': (137.94326054064695+0j), 'HS_Lower_C33': (266.7651367001762+0j), 'HS_Lower_C44': (106.0804511844911+0j), 'HS_Lower_C55': (102.5478127290904+0j), 'HS_Lower_C66': (105.51700592600854+0j), 'HS_Lower_C14': (-14.312555681235287+0j), 'HS_Lower_C15': (-21.89724927484224+0j), 'HS_Lower_C16': (2.1429631504593996+0j), 'HS_Lower_C24': (10.316970401174363+0j), 'HS_Lower_C25': (11.976366613029349+0j), 'HS_Lower_C26': (-11.871920144889792+0j), 'HS_Lower_C34': (3.995585280060922+0j), 'HS_Lower_C35': (9.920882661812882+0j), 'HS_Lower_C36': (9.728956994430394+0j), 'HS_Lower_C45': (14.432658927451161+0j), 'HS_Lower_C46': (11.742717273013259+0j), 'HS_Lower_C56': (-15.132489842113166+0j), 'c4-40': (1.3091387904422058+0.4404102361683082j), 'c4-30': (-1.217672929355134+1.1187556065912776j), 'c4-20': (0.19467848686721295+0.9399979515683246j), 'c4-10': (0.6608917043162197-0.11849837221289963j), 'c400': (2.0246712854385946+0j), 'c410': (0.6608917043162197+0.11849837221289963j), 'c420': (0.19467848686721295-0.9399979515683246j), 'c430': (-1.217672929355134-1.1187556065912776j), 'c440': (1.3091387904422058-0.4404102361683082j),
 All Rotated Propagted Std Devs:
 {'c11': (2.5717223370490823+0j), 'c12': (3.8145636528936318+0j), 'c13': (4.234496136946697+0j), 'c22': (4.295581995527901+0j), 'c23': (1.8041711769648554+0j), 'c33': (3.810793417455678+0j), 'c44': (2.0038664701525413+0j), 'c55': (4.0822514928510545+0j), 'c66': (4.1866681462848705+0j), 'c14': (4.278348240303323+0j), 'c15': (4.342253410927134+0j), 'c16': (8.586904857084985+0j), 'c24': (6.304487898112547+0j), 'c25': (6.315486055415927+0j), 'c26': (9.016939754433993+0j), 'c34': (6.7561123140096635+0j), 'c35': (7.759948182972401+0j), 'c36': (6.080109725567959+0j), 'c45': (7.329338018553064+0j), 'c46': (7.039519603491729+0j), 'c56': (5.430316233134372+0j), 'HS_Upper_C11': (2.4962855699034736+0j), 'HS_Upper_C12': (3.821170225194556+0j), 'HS_Upper_C13': (4.136932370850365+0j), 'HS_Upper_C22': (4.2718247603756705+0j), 'HS_Upper_C23': (1.7795157798697931+0j), 'HS_Upper_C33': (3.7651459277450043+0j), 'HS_Upper_C44': (1.9172051249526634+0j), 'HS_Upper_C55': (4.00979991252964+0j), 'HS_Upper_C66': (4.140934642896193+0j), 'HS_Upper_C14': (4.2500134253173565+0j), 'HS_Upper_C15': (4.292879141752118+0j), 'HS_Upper_C16': (8.510622276786073+0j), 'HS_Upper_C24': (6.286688750423884+0j), 'HS_Upper_C25': (6.231469213173205+0j), 'HS_Upper_C26': (8.991312141856667+0j), 'HS_Upper_C34': (6.652466595281221+0j), 'HS_Upper_C35': (7.7294335481532785+0j), 'HS_Upper_C36': (6.045081628854823+0j), 'HS_Upper_C45': (7.020099457230944+0j), 'HS_Upper_C46': (6.793900139394618+0j), 'HS_Upper_C56': (5.165539183792088+0j), 'HS_Lower_C11': (2.704638956868446+0j), 'HS_Lower_C12': (3.790586150453261+0j), 'HS_Lower_C13': (4.3894227397701195+0j), 'HS_Lower_C22': (4.325076794767121+0j), 'HS_Lower_C23': (1.8421214246698352+0j), 'HS_Lower_C33': (3.8774049715576764+0j), 'HS_Lower_C44': (2.182573829079837+0j), 'HS_Lower_C55': (4.206991432028324+0j), 'HS_Lower_C66': (4.230199418970539+0j), 'HS_Lower_C14': (4.3334852862133415+0j), 'HS_Lower_C15': (4.426220608525026+0j), 'HS_Lower_C16': (8.703913425470295+0j), 'HS_Lower_C24': (6.308234384548029+0j), 'HS_Lower_C25': (6.43636542814928+0j), 'HS_Lower_C26': (9.030752117255837+0j), 'HS_Lower_C34': (6.917355892224155+0j), 'HS_Lower_C35': (7.789734076318761+0j), 'HS_Lower_C36': (6.1158503634966825+0j), 'HS_Lower_C45': (7.864450645175416+0j), 'HS_Lower_C46': (7.461860938684434+0j), 'HS_Lower_C56': (5.893913600678601+0j), 'c4-40': (0.033073608303976154+0.49097289491097995j), 'c4-30': (0.27643284423242714+0.20293403825970474j), 'c4-20': (0.05573089404428599+0.48526306735296904j), 'c4-10': (0.4014280449352741-0.2942506820445288j), 'c400': (0.25276944350167746+0j), 'c410': (0.4014280449352741+0.2942506820445288j), 'c420': (0.05573089404428599-0.48526306735296904j), 'c430': (0.27643284423242714-0.20293403825970474j), 'c440': (0.033073608303976154-0.49097289491097995j), }
 Ordered Rotated Covariance Matrix (by input parameter order)
 [[ 6.61375578+0.j  0.        +0.j  0.        +0.j ...  0.        +0.j
   0.        +0.j  0.        +0.j]
 [ 0.        +0.j 14.55089586+0.j  0.        +0.j ...  0.        +0.j
   0.        +0.j  0.        +0.j]
 [ 0.        +0.j  0.        +0.j 17.93095753+0.j ...  0.        +0.j
   0.        +0.j  0.        +0.j]
 ...
 [ 0.        +0.j  0.        +0.j  0.        +0.j ...  2.8708799 +0.j
   0.        +0.j  0.        +0.j]
 [ 0.        +0.j  0.        +0.j  0.        +0.j ...  0.        +0.j
   2.35563129+0.j  0.        +0.j]
 [ 0.        +0.j  0.        +0.j  0.        +0.j ...  0.        +0.j
   0.        +0.j  1.80124132+0.j]]

 Mean Rotated Propagated Clmn:
 OrderedDict([('c400', 2.0246712854385946), ('c410', 0.6608917043162197), ('c420', 0.19467848686721295), ('c430', -1.217672929355134), ('c440', 1.3091387904422058), ('c440imag', -0.4404102361683082), ('c430imag', -1.1187556065912776), ('c420imag', -0.9399979515683246), ('c410imag', 0.11849837221289963)])
 Std Dev Rotated Propagated Clmn:
OrderedDict([('c400', 0.25276944350167746), ('c410', 0.4014280449352741), ('c420', 0.05573089404428599), ('c430', 0.27643284423242714), ('c440', 0.033073608303976154), ('c440imag', -0.49097289491097995), ('c430imag', -0.20293403825970474), ('c420imag', -0.48526306735296904), ('c410imag', 0.2942506820445288)])
