
 First 2000 Particles used for Replotting

 Calculated Variable Mean Prerotation {'v1111': 0.13720756647727028, 'v1112': -0.020306149664646493, 'v1113': 0.08244711980181085, 'v1122': -0.0776463894710089, 'v1123': 0.04721648461118263, 'v1222': 0.06433395462517923, 'v1223': -0.04139127392007197, 'v2222': 0.15869351299235618, 'v2223': -0.03789148025957977, 'std_dev': 3.0162845058308476}

 Calculated Variable Std Dev Prerotation {'v1111': 0.010977574233376825, 'v1112': 0.03543244001559747, 'v1113': 0.06261970682779369, 'v1122': 0.018697413855739187, 'v1123': 0.04229399777087041, 'v1222': 0.03330922973088234, 'v1223': 0.03995770069085795, 'v2222': 0.020527975124032986, 'v2223': 0.04461117895121833, 'std_dev': 0.43052128412884666}

 Calculated Variable Covar Prerotation [[ 1.20507136e-04  1.17135064e-04  3.19953734e-04 -7.05260238e-05
   6.64708840e-05  1.08350981e-04 -6.46780786e-05  2.12248556e-05
  -6.86218190e-05 -1.99228257e-03]
 [ 1.17135064e-04  1.25545781e-03  7.68869626e-04 -1.47788853e-04
   1.23215813e-04 -3.82833367e-04 -4.24658885e-05  1.25653151e-04
   2.22557719e-04 -3.82868383e-03]
 [ 3.19953734e-04  7.68869626e-04  3.92122768e-03 -4.17883290e-04
   6.75093608e-04  6.71104575e-04 -1.57549358e-03  2.57796005e-04
  -3.30717080e-04 -8.84013174e-03]
 [-7.05260238e-05 -1.47788853e-04 -4.17883290e-04  3.49593285e-04
  -7.14026907e-05 -1.94352573e-04 -2.13398905e-04 -3.50765464e-04
  -1.32445725e-04  3.86781091e-03]
 [ 6.64708840e-05  1.23215813e-04  6.75093608e-04 -7.14026907e-05
   1.78878225e-03  5.23368451e-04 -1.63014669e-04  5.15097948e-05
  -1.40310851e-03 -4.33466171e-03]
 [ 1.08350981e-04 -3.82833367e-04  6.71104575e-04 -1.94352573e-04
   5.23368451e-04  1.10950479e-03 -2.74168978e-04  9.20593356e-05
  -5.45125582e-04 -6.10018622e-03]
 [-6.46780786e-05 -4.24658885e-05 -1.57549358e-03 -2.13398905e-04
  -1.63014669e-04 -2.74168978e-04  1.59661784e-03  3.52346567e-04
   5.20328034e-04 -1.27238634e-03]
 [ 2.12248556e-05  1.25653151e-04  2.57796005e-04 -3.50765464e-04
   5.15097948e-05  9.20593356e-05  3.52346567e-04  4.21397763e-04
   2.49941115e-04 -2.95059894e-03]
 [-6.86218190e-05  2.22557719e-04 -3.30717080e-04 -1.32445725e-04
  -1.40310851e-03 -5.45125582e-04  5.20328034e-04  2.49941115e-04
   1.99015729e-03  2.60160597e-03]
 [-1.99228257e-03 -3.82868383e-03 -8.84013174e-03  3.86781091e-03
  -4.33466171e-03 -6.10018622e-03 -1.27238634e-03 -2.95059894e-03
   2.60160597e-03  1.85348576e-01]]


 All Propagated Means:
 {'c11': (272.3029758856982+0j), 'c12': (133.9135686804276+0j), 'c13': (131.78345543387405+0j), 'c22': (267.7269389677905+0j), 'c23': (136.35949235178185+0j), 'c33': (269.8570522143441+0j), 'c44': (107.97293152401548+0j), 'c55': (104.16365298646662+0j), 'c66': (107.413687909532+0j), 'c14': (-10.865951924118768+0j), 'c15': (-17.87720767353766+0j), 'c16': (4.7141408762400125+0j), 'c24': (7.6060555675778065+0j), 'c25': (9.785442941686048+0j), 'c26': (-13.245476587769316+0j), 'c34': (3.2598963565409584+0j), 'c35': (8.091764731851612+0j), 'c36': (8.531335711529303+0j), 'c45': (11.49488082756753+0j), 'c46': (9.256516682189101+0j), 'c56': (-11.225823532181284+0j), 'HS_Upper_C11': (273.92927493827347+0j), 'HS_Upper_C12': (133.243164487376+0j), 'HS_Upper_C13': (130.82756057434966+0j), 'HS_Upper_C22': (269.40110811857176+0j), 'HS_Upper_C23': (135.35572739405126+0j), 'HS_Upper_C33': (271.8167120315982+0j), 'HS_Upper_C44': (109.0927263633985+0j), 'HS_Upper_C55': (105.14744299317968+0j), 'HS_Upper_C66': (108.52168058795243+0j), 'HS_Upper_C14': (-10.594549367705635+0j), 'HS_Upper_C15': (-17.688819283486676+0j), 'HS_Upper_C16': (4.587484829511415+0j), 'HS_Upper_C24': (7.616116821587086+0j), 'HS_Upper_C25': (9.524285458427691+0j), 'HS_Upper_C26': (-13.229743351863496+0j), 'HS_Upper_C34': (2.9784325461185484+0j), 'HS_Upper_C35': (8.164533825058989+0j), 'HS_Upper_C36': (8.642258522352083+0j), 'HS_Upper_C45': (10.997809748196863+0j), 'HS_Upper_C46': (9.12818221105378+0j), 'HS_Upper_C56': (-10.889728644257195+0j), 'HS_Lower_C11': (269.7652622661376+0j), 'HS_Lower_C12': (134.94313497468545+0j), 'HS_Lower_C13': (133.29160275917718+0j), 'HS_Lower_C22': (265.1136044846679+0j), 'HS_Lower_C23': (137.94326054064695+0j), 'HS_Lower_C33': (266.7651367001762+0j), 'HS_Lower_C44': (106.0804511844911+0j), 'HS_Lower_C55': (102.5478127290904+0j), 'HS_Lower_C66': (105.51700592600854+0j), 'HS_Lower_C14': (-11.294732544554115+0j), 'HS_Lower_C15': (-18.138833155076583+0j), 'HS_Lower_C16': (4.924538661550376+0j), 'HS_Lower_C24': (7.570222080087426+0j), 'HS_Lower_C25': (10.195533627559207+0j), 'HS_Lower_C26': (-13.217471830796647+0j), 'HS_Lower_C34': (3.7245104644666878+0j), 'HS_Lower_C35': (7.9432995275173734+0j), 'HS_Lower_C36': (8.292933169246275+0j), 'HS_Lower_C45': (12.312785024628177+0j), 'HS_Lower_C46': (9.404228797853587+0j), 'HS_Lower_C56': (-11.756065963556765+0j), 'c4-40': (1.3091387904422058+0.5802952569221584j), 'c4-30': (-1.006019771014275+0.8611332557735287j), 'c4-20': (0.19467848686721295+0.802165465922557j), 'c4-10': (0.5327353661433245-0.11461470780766934j), 'c400': (2.0246712854385946+0j), 'c410': (0.5327353661433245+0.11461470780766934j), 'c420': (0.19467848686721295-0.802165465922557j), 'c430': (-1.006019771014275-0.8611332557735287j), 'c440': (1.3091387904422058-0.5802952569221584j), 'fr_1': (168.2332430490764+0j), 'fr_2': (193.43499474673644+0j), 'fr_3': (204.6071758842721+0j), 'fr_4': (218.32935416504247+0j), 'fr_5': (222.94334789321994+0j), 'fr_6': (232.75913084293677+0j), 'fr_7': (235.52619451099912+0j), 'fr_8': (242.5767054326176+0j), 'fr_9': (245.14663302157766+0j), 'fr_10': (249.87403751472473+0j), 'fr_11': (262.78447991110386+0j), 'fr_12': (270.64410661872176+0j), 'fr_13': (288.3643908553858+0j), 'fr_14': (296.1704457095816+0j), 'fr_15': (303.69165340029235+0j), 'fr_16': (310.08724270419685+0j), 'fr_17': (313.5250978956684+0j), 'fr_18': (318.97216691756444+0j), 'fr_19': (324.75880262779253+0j), 'fr_20': (327.6621221612272+0j), 'fr_21': (333.62686909346576+0j), 'fr_22': (340.6868884976448+0j), 'fr_23': (343.1827985113129+0j), 'fr_24': (360.5177195301876+0j), 'fr_25': (364.34685761627884+0j), 'fr_26': (370.46315086445793+0j), 'fr_27': (374.233060976904+0j), 'fr_28': (379.59886455325966+0j), 'fr_29': (387.13905001305176+0j), 'fr_30': (400.74522621794176+0j), 'fr_31': (413.193633466287+0j), 'fr_32': (416.4302216499648+0j), 'fr_33': (420.9237847262628+0j), 'fr_34': (425.7549456456722+0j), 'fr_35': (431.86353345581153+0j), 'fr_36': (439.56377387905763+0j), 'fr_37': (442.71620834594194+0j), 'fr_38': (447.1387475013416+0j), 'fr_39': (448.563048288795+0j), 'fr_40': (452.8412628351266+0j), 'fr_41': (460.2065632140786+0j), 'fr_42': (463.7384529649057+0j), 'fr_43': (472.10209624343383+0j), 'fr_44': (476.867755258672+0j), 'fr_45': (481.7349913060599+0j), 'fr_46': (485.21146088219257+0j), 'fr_47': (487.73837205766193+0j), 'fr_48': (492.3698336920858+0j), 'fr_49': (496.57336137534764+0j), 'fr_50': (499.58066862624617+0j), 'fr_51': (502.3829925398661+0j), 'fr_52': (507.37598739831685+0j), 'fr_53': (513.1850188163602+0j), 'fr_54': (518.2670740665367+0j), 'fr_55': (522.6348320167558+0j), 'fr_56': (525.2926292366681+0j), 'fr_57': (528.7551752683377+0j), 'fr_58': (532.0408268944333+0j), 'fr_59': (536.3945066818876+0j), 'fr_60': (541.5754063097236+0j), 'fr_61': (548.8844998436296+0j), 'fr_62': (554.7047870262837+0j), 'fr_63': (557.5651307869089+0j), 'fr_64': (559.822555155671+0j), 'fr_65': (562.1728277856064+0j), 'fr_66': (565.2453795312504+0j), 'fr_67': (568.0901589400519+0j), 'fr_68': (570.2260555873318+0j), 'fr_69': (574.1102315333205+0j), 'fr_70': (577.1984478335658+0j), 'fr_71': (579.3295410965637+0j), 'fr_72': (581.0963594847872+0j), 'fr_73': (584.108044013225+0j), 'fr_74': (587.1851437070702+0j), 'fr_75': (593.9025708347247+0j), 'fr_76': (595.968509880908+0j), 'fr_77': (600.4618038924954+0j), 'fr_78': (602.6942378478882+0j), 'fr_79': (607.7802402446185+0j), 'fr_80': (612.1397545807843+0j), 'fr_81': (615.0180879838351+0j), 'fr_82': (617.7336377116471+0j), 'fr_83': (619.4620469311877+0j), 'fr_84': (622.6301688846787+0j), 'fr_85': (627.7890232170962+0j), 'fr_86': (631.006616749565+0j), 'fr_87': (634.6093792770666+0j), 'fr_88': (637.2332410225438+0j), 'fr_89': (639.5524243078225+0j), 'fr_90': (642.7640008123348+0j), 'fr_91': (645.9157964939457+0j), 'fr_92': (648.8873719220287+0j), 'fr_93': (652.0038469073434+0j), 'fr_94': (654.3174317047594+0j), 'fr_95': (657.2660770209995+0j), 'fr_96': (661.0114786161153+0j), 'fr_97': (663.8579079326106+0j), 'fr_98': (667.2408144180722+0j), 'fr_99': (670.4219136649185+0j), 'fr_100': (674.6197895479864+0j)}
 All Propagted Std Devs:
 {'c11': (2.5717223370490823+0j), 'c12': (3.8145636528936318+0j), 'c13': (4.234496136946697+0j), 'c22': (4.295581995527901+0j), 'c23': (1.8041711769648554+0j), 'c33': (3.810793417455678+0j), 'c44': (2.0038664701525413+0j), 'c55': (4.0822514928510545+0j), 'c66': (4.1866681462848705+0j), 'c14': (9.554934742302791+0j), 'c15': (12.946717989889315+0j), 'c16': (7.4272374782164725+0j), 'c24': (9.427474421320051+0j), 'c25': (8.807416545116686+0j), 'c26': (6.9082300273209745+0j), 'c34': (6.864631758149658+0j), 'c35': (9.825818955985872+0j), 'c36': (8.009955781331234+0j), 'c45': (10.164341627427332+0j), 'c46': (9.72931259590152+0j), 'c56': (10.595045538128444+0j), 'HS_Upper_C11': (2.4962855699034736+0j), 'HS_Upper_C12': (3.821170225194556+0j), 'HS_Upper_C13': (4.136932370850365+0j), 'HS_Upper_C22': (4.2718247603756705+0j), 'HS_Upper_C23': (1.7795157798697931+0j), 'HS_Upper_C33': (3.7651459277450043+0j), 'HS_Upper_C44': (1.9172051249526634+0j), 'HS_Upper_C55': (4.00979991252964+0j), 'HS_Upper_C66': (4.140934642896193+0j), 'HS_Upper_C14': (9.394669582851261+0j), 'HS_Upper_C15': (12.868775741222915+0j), 'HS_Upper_C16': (7.385289834419111+0j), 'HS_Upper_C24': (9.40412168220782+0j), 'HS_Upper_C25': (8.679305506510271+0j), 'HS_Upper_C26': (6.891490990003729+0j), 'HS_Upper_C34': (6.738932267319651+0j), 'HS_Upper_C35': (9.82461131493048+0j), 'HS_Upper_C36': (8.02331941551652+0j), 'HS_Upper_C45': (9.732405192247072+0j), 'HS_Upper_C46': (9.410735786574879+0j), 'HS_Upper_C56': (10.224468603551554+0j), 'HS_Lower_C11': (2.704638956868446+0j), 'HS_Lower_C12': (3.790586150453261+0j), 'HS_Lower_C13': (4.3894227397701195+0j), 'HS_Lower_C22': (4.325076794767121+0j), 'HS_Lower_C23': (1.8421214246698352+0j), 'HS_Lower_C33': (3.8774049715576764+0j), 'HS_Lower_C44': (2.182573829079837+0j), 'HS_Lower_C55': (4.206991432028324+0j), 'HS_Lower_C66': (4.230199418970539+0j), 'HS_Lower_C14': (9.802294162222866+0j), 'HS_Lower_C15': (13.042907871481102+0j), 'HS_Lower_C16': (7.489478983774103+0j), 'HS_Lower_C24': (9.4309591369049+0j), 'HS_Lower_C25': (8.995852258207652+0j), 'HS_Lower_C26': (6.912550109220893+0j), 'HS_Lower_C34': (7.067056228606867+0j), 'HS_Lower_C35': (9.79900423523519+0j), 'HS_Lower_C36': (7.955673160028779+0j), 'HS_Lower_C45': (10.888838723920191+0j), 'HS_Lower_C46': (10.25421503767454+0j), 'HS_Lower_C56': (11.205258363150008+0j), 'c4-40': (0.010699216625728822+0.311837413637444j), 'c4-30': (0.37156784001260873-0.3771682474315202j), 'c4-20': (0.00399495147133267-0.6874611087451683j), 'c4-10': (0.5233710805676751-0.21733938103759928j), 'c400': (0.25276944350167746+0j), 'c410': (0.5233710805676751+0.21733938103759928j), 'c420': (0.00399495147133267+0.6874611087451683j), 'c430': (0.37156784001260873+0.3771682474315202j), 'c440': (0.010699216625728822-0.311837413637444j), 'fr_1': (1.3246452660099757+0j), 'fr_2': (1.815318840243493+0j), 'fr_3': (1.9579523874368545+0j), 'fr_4': (2.067398987019338+0j), 'fr_5': (2.382328252550045+0j), 'fr_6': (2.6347438166544133+0j), 'fr_7': (2.5503893311437875+0j), 'fr_8': (1.4328679473897634+0j), 'fr_9': (1.1481481977627903+0j), 'fr_10': (2.8555462846047344+0j), 'fr_11': (1.6868716510950093+0j), 'fr_12': (1.8211053814874678+0j), 'fr_13': (2.5645217505577396+0j), 'fr_14': (1.8090340711080437+0j), 'fr_15': (1.878440072365152+0j), 'fr_16': (2.03909361177519+0j), 'fr_17': (1.4798040110083908+0j), 'fr_18': (2.370987365881128+0j), 'fr_19': (1.5348174815653601+0j), 'fr_20': (1.86995453181553+0j), 'fr_21': (1.1805854566414353+0j), 'fr_22': (1.3961866555130307+0j), 'fr_23': (1.9299046290293724+0j), 'fr_24': (2.7380270144662133+0j), 'fr_25': (1.4142119752043572+0j), 'fr_26': (0.9857906566987334+0j), 'fr_27': (1.604369939080774+0j), 'fr_28': (1.727521796267354+0j), 'fr_29': (1.819980112124453+0j), 'fr_30': (1.5826748639371462+0j), 'fr_31': (1.7489644401981186+0j), 'fr_32': (1.8232729863008126+0j), 'fr_33': (1.79229232871987+0j), 'fr_34': (2.916197810869287+0j), 'fr_35': (1.3184662365995334+0j), 'fr_36': (2.079588972862435+0j), 'fr_37': (1.1981154920754011+0j), 'fr_38': (1.3876584186660395+0j), 'fr_39': (1.1103948114720592+0j), 'fr_40': (1.4385175762983229+0j), 'fr_41': (1.355386036466818+0j), 'fr_42': (2.1601686245341245+0j), 'fr_43': (1.808806174030378+0j), 'fr_44': (1.7963897996125027+0j), 'fr_45': (1.2979842669005783+0j), 'fr_46': (1.1516000983683194+0j), 'fr_47': (1.4026151125127588+0j), 'fr_48': (2.294473642370658+0j), 'fr_49': (1.4629387187792788+0j), 'fr_50': (2.348358335139912+0j), 'fr_51': (1.4185899956013095+0j), 'fr_52': (1.4468945500595092+0j), 'fr_53': (1.8937104777386322+0j), 'fr_54': (1.9534977738959984+0j), 'fr_55': (1.7905636147811952+0j), 'fr_56': (1.5622785208530166+0j), 'fr_57': (2.093651653812331+0j), 'fr_58': (2.3666546875393824+0j), 'fr_59': (1.7458055502846233+0j), 'fr_60': (1.5174949598521048+0j), 'fr_61': (2.2078648894436417+0j), 'fr_62': (2.4316651123913777+0j), 'fr_63': (1.4937088888955339+0j), 'fr_64': (1.4797480268840455+0j), 'fr_65': (1.3693238773741336+0j), 'fr_66': (1.654727869568353+0j), 'fr_67': (1.440988304808888+0j), 'fr_68': (1.4667895850515578+0j), 'fr_69': (1.3887350115497443+0j), 'fr_70': (1.7182676819017708+0j), 'fr_71': (1.384939400567551+0j), 'fr_72': (1.276893110523727+0j), 'fr_73': (1.9466810951384972+0j), 'fr_74': (1.833658693432566+0j), 'fr_75': (2.0245458857351357+0j), 'fr_76': (2.885338998714531+0j), 'fr_77': (2.351235014965298+0j), 'fr_78': (2.977289118190697+0j), 'fr_79': (2.229297825341858+0j), 'fr_80': (1.5344019270867004+0j), 'fr_81': (1.4198062965872629+0j), 'fr_82': (1.589281778053286+0j), 'fr_83': (1.5450400596629816+0j), 'fr_84': (1.4259088504926678+0j), 'fr_85': (1.8427621720678342+0j), 'fr_86': (1.420713416524951+0j), 'fr_87': (1.5939292635305717+0j), 'fr_88': (1.5591456797328138+0j), 'fr_89': (1.7266767703840753+0j), 'fr_90': (1.374924445192091+0j), 'fr_91': (1.7435285788266346+0j), 'fr_92': (1.9999765473924698+0j), 'fr_93': (2.5200053767357007+0j), 'fr_94': (2.4716577250299747+0j), 'fr_95': (1.6198525506711088+0j), 'fr_96': (1.9219709807146164+0j), 'fr_97': (1.897748144935533+0j), 'fr_98': (1.6943671086410124+0j), 'fr_99': (1.5348065985266346+0j), 'fr_100': (1.3421033193073284+0j)}
 Ordered Covariance Matrix (by input parameter order)
 [[ 6.61375578+0.j  0.        +0.j  0.        +0.j ...  0.        +0.j
   0.        +0.j  0.        +0.j]
 [ 0.        +0.j 14.55089586+0.j  0.        +0.j ...  0.        +0.j
   0.        +0.j  0.        +0.j]
 [ 0.        +0.j  0.        +0.j 17.93095753+0.j ...  0.        +0.j
   0.        +0.j  0.        +0.j]
 ...
 [ 0.        +0.j  0.        +0.j  0.        +0.j ...  2.8708799 +0.j
   0.        +0.j  0.        +0.j]
 [ 0.        +0.j  0.        +0.j  0.        +0.j ...  0.        +0.j
   2.35563129+0.j  0.        +0.j]
 [ 0.        +0.j  0.        +0.j  0.        +0.j ...  0.        +0.j
   0.        +0.j  1.80124132+0.j]]

 Mean Propagated Clmn:
 OrderedDict([('c400', 2.0246712854385946), ('c410', 0.5327353661433245), ('c420', 0.19467848686721295), ('c430', -1.006019771014275), ('c440', 1.3091387904422058), ('c440imag', -0.5802952569221584), ('c430imag', -0.8611332557735287), ('c420imag', -0.802165465922557), ('c410imag', 0.11461470780766934)])
 Std Dev Propagated Clmn:
OrderedDict([('c400', 0.25276944350167746), ('c410', 0.5233710805676751), ('c420', 0.00399495147133267), ('c430', 0.37156784001260873), ('c440', 0.010699216625728822), ('c440imag', -0.311837413637444), ('c430imag', 0.3771682474315202), ('c420imag', 0.6874611087451683), ('c410imag', 0.21733938103759928)])
 Number of particles unrotated:
 2354 out of total particles 2800
 Number of particles rotated X:
 201
 Number of particles rotated Y:
 146
 Number of particles rotated Z:
 99
 Calculated Variable Mean rotated {'v1111': 0.13720756647727028, 'v1112': -0.012486002426717928, 'v1113': 0.0927289960004226, 'v1122': -0.0776463894710089, 'v1123': 0.05467913638846759, 'v1222': 0.0607579472640858, 'v1223': -0.04609239214842312, 'v2222': 0.15869351299235618, 'v2223': -0.045185012105753194, 'std_dev': 3.0162845058308476}

 Calculated Variable Std Dev rotated {'v1111': 0.010977574233376825, 'v1112': 0.038883782753393235, 'v1113': 0.04604050659668601, 'v1122': 0.018697413855739187, 'v1123': 0.03206584783787605, 'v1222': 0.03945787413233307, 'v1223': 0.03442767079831312, 'v2222': 0.020527975124032986, 'v2223': 0.03720369653989303, 'std_dev': 0.43052128412884666}

 Calculated Variable Covar rotated [[ 1.20507136e-04 -3.87119375e-05  1.67528624e-04 -7.05260238e-05
   7.16568309e-06  1.90443918e-04 -1.50961322e-05  2.12248556e-05
  -3.54656963e-05 -1.99228257e-03]
 [-3.87119375e-05  1.51194856e-03  3.61821405e-04 -1.13314972e-04
   9.09182101e-05 -9.30693973e-04  2.03443794e-04  1.61668795e-04
   1.38825462e-04  1.20890676e-05]
 [ 1.67528624e-04  3.61821405e-04  2.11972825e-03 -2.89778454e-04
   2.64948485e-04  4.55258134e-04 -7.13811316e-04  2.10691410e-04
   2.65719398e-05 -5.41976266e-03]
 [-7.05260238e-05 -1.13314972e-04 -2.89778454e-04  3.49593285e-04
  -9.86602380e-06 -2.29636191e-04 -2.91822580e-04 -3.50765464e-04
  -2.15468374e-04  3.86781091e-03]
 [ 7.16568309e-06  9.09182101e-05  2.64948485e-04 -9.86602380e-06
   1.02821860e-03  8.05269734e-05  6.53347799e-05  4.52950226e-05
  -7.21397226e-04 -1.80488490e-03]
 [ 1.90443918e-04 -9.30693973e-04  4.55258134e-04 -2.29636191e-04
   8.05269734e-05  1.55692383e-03 -2.28314245e-04  8.28254254e-05
  -8.85213740e-05 -7.57884197e-03]
 [-1.50961322e-05  2.03443794e-04 -7.13811316e-04 -2.91822580e-04
   6.53347799e-05 -2.28314245e-04  1.18526452e-03  4.04316420e-04
   3.58137263e-04 -2.95641686e-03]
 [ 2.12248556e-05  1.61668795e-04  2.10691410e-04 -3.50765464e-04
   4.52950226e-05  8.28254254e-05  4.04316420e-04  4.21397763e-04
   2.85005309e-04 -2.95059894e-03]
 [-3.54656963e-05  1.38825462e-04  2.65719398e-05 -2.15468374e-04
  -7.21397226e-04 -8.85213740e-05  3.58137263e-04  2.85005309e-04
   1.38411504e-03  2.16860450e-04]
 [-1.99228257e-03  1.20890676e-05 -5.41976266e-03  3.86781091e-03
  -1.80488490e-03 -7.57884197e-03 -2.95641686e-03 -2.95059894e-03
   2.16860450e-04  1.85348576e-01]]


 All Rotated Propagated Means:
 {'c11': (272.3029758856982+0j), 'c12': (133.9135686804276+0j), 'c13': (131.78345543387405+0j), 'c22': (267.7269389677905+0j), 'c23': (136.35949235178185+0j), 'c33': (269.8570522143441+0j), 'c44': (107.97293152401548+0j), 'c55': (104.16365298646662+0j), 'c66': (107.413687909532+0j), 'c14': (-13.821554063365099+0j), 'c15': (-21.640327327005547+0j), 'c16': (1.9127671740843148+0j), 'c24': (10.342400152936149+0j), 'c25': (11.551045694661095+0j), 'c26': (-11.911048779468139+0j), 'c34': (3.4791539104289515+0j), 'c35': (10.089281632344452+0j), 'c36': (9.998281605383823+0j), 'c45': (13.47995614961842+0j), 'c46': (11.43554456996086+0j), 'c56': (-14.448398181771012+0j), 'HS_Upper_C11': (273.92927493827347+0j), 'HS_Upper_C12': (133.243164487376+0j), 'HS_Upper_C13': (130.82756057434966+0j), 'HS_Upper_C22': (269.40110811857176+0j), 'HS_Upper_C23': (135.35572739405126+0j), 'HS_Upper_C33': (271.8167120315982+0j), 'HS_Upper_C44': (109.0927263633985+0j), 'HS_Upper_C55': (105.14744299317968+0j), 'HS_Upper_C66': (108.52168058795243+0j), 'HS_Upper_C14': (-13.506169269296027+0j), 'HS_Upper_C15': (-21.44803819309739+0j), 'HS_Upper_C16': (1.7785443764377806+0j), 'HS_Upper_C24': (10.339381748862419+0j), 'HS_Upper_C25': (11.278214114330698+0j), 'HS_Upper_C26': (-11.903233773938288+0j), 'HS_Upper_C34': (3.166787520433607+0j), 'HS_Upper_C35': (10.169824078766691+0j), 'HS_Upper_C36': (10.12468939750051+0j), 'HS_Upper_C45': (12.898585421185262+0j), 'HS_Upper_C46': (11.21220026679881+0j), 'HS_Upper_C56': (-14.014825972983118+0j), 'HS_Lower_C11': (269.7652622661376+0j), 'HS_Lower_C12': (134.94313497468545+0j), 'HS_Lower_C13': (133.29160275917718+0j), 'HS_Lower_C22': (265.1136044846679+0j), 'HS_Lower_C23': (137.94326054064695+0j), 'HS_Lower_C33': (266.7651367001762+0j), 'HS_Lower_C44': (106.0804511844911+0j), 'HS_Lower_C55': (102.5478127290904+0j), 'HS_Lower_C66': (105.51700592600854+0j), 'HS_Lower_C14': (-14.312555681235287+0j), 'HS_Lower_C15': (-21.89724927484224+0j), 'HS_Lower_C16': (2.1429631504593996+0j), 'HS_Lower_C24': (10.316970401174363+0j), 'HS_Lower_C25': (11.976366613029349+0j), 'HS_Lower_C26': (-11.871920144889792+0j), 'HS_Lower_C34': (3.995585280060922+0j), 'HS_Lower_C35': (9.920882661812882+0j), 'HS_Lower_C36': (9.728956994430394+0j), 'HS_Lower_C45': (14.432658927451161+0j), 'HS_Lower_C46': (11.742717273013259+0j), 'HS_Lower_C56': (-15.132489842113166+0j), 'c4-40': (1.3091387904422058+0.4404102361683082j), 'c4-30': (-1.217672929355134+1.1187556065912776j), 'c4-20': (0.19467848686721295+0.9399979515683246j), 'c4-10': (0.6608917043162197-0.11849837221289963j), 'c400': (2.0246712854385946+0j), 'c410': (0.6608917043162197+0.11849837221289963j), 'c420': (0.19467848686721295-0.9399979515683246j), 'c430': (-1.217672929355134-1.1187556065912776j), 'c440': (1.3091387904422058-0.4404102361683082j), 'fr_1': (168.23324304907825+0j), 'fr_2': (193.4349947467344+0j), 'fr_3': (204.60717588427+0j), 'fr_4': (218.3293541650416+0j), 'fr_5': (222.94334789322147+0j), 'fr_6': (232.7591308429353+0j), 'fr_7': (235.5261945109968+0j), 'fr_8': (242.57670543261833+0j), 'fr_9': (245.14663302157862+0j), 'fr_10': (249.87403751472306+0j), 'fr_11': (262.7844799111043+0j), 'fr_12': (270.64410661872074+0j), 'fr_13': (288.36439085538626+0j), 'fr_14': (296.17044570958126+0j), 'fr_15': (303.6916534002952+0j), 'fr_16': (310.0872427041964+0j), 'fr_17': (313.5250978956685+0j), 'fr_18': (318.9721669175648+0j), 'fr_19': (324.7588026277901+0j), 'fr_20': (327.6621221612244+0j), 'fr_21': (333.6268690934666+0j), 'fr_22': (340.68688849764413+0j), 'fr_23': (343.1827985113119+0j), 'fr_24': (360.5177195301873+0j), 'fr_25': (364.34685761627713+0j), 'fr_26': (370.46315086445884+0j), 'fr_27': (374.2330609769073+0j), 'fr_28': (379.5988645532628+0j), 'fr_29': (387.13905001304977+0j), 'fr_30': (400.745226217942+0j), 'fr_31': (413.1936334662855+0j), 'fr_32': (416.4302216499638+0j), 'fr_33': (420.92378472626444+0j), 'fr_34': (425.7549456456709+0j), 'fr_35': (431.8635334558121+0j), 'fr_36': (439.563773879057+0j), 'fr_37': (442.7162083459424+0j), 'fr_38': (447.1387475013406+0j), 'fr_39': (448.56304828879576+0j), 'fr_40': (452.8412628351267+0j), 'fr_41': (460.2065632140755+0j), 'fr_42': (463.73845296490674+0j), 'fr_43': (472.10209624343497+0j), 'fr_44': (476.867755258672+0j), 'fr_45': (481.7349913060591+0j), 'fr_46': (485.21146088219353+0j), 'fr_47': (487.7383720576602+0j), 'fr_48': (492.36983369208593+0j), 'fr_49': (496.57336137534674+0j), 'fr_50': (499.58066862624594+0j), 'fr_51': (502.382992539866+0j), 'fr_52': (507.37598739831674+0j), 'fr_53': (513.18501881636+0j), 'fr_54': (518.2670740665371+0j), 'fr_55': (522.6348320167549+0j), 'fr_56': (525.2926292366685+0j), 'fr_57': (528.7551752683369+0j), 'fr_58': (532.0408268944324+0j), 'fr_59': (536.3945066818887+0j), 'fr_60': (541.5754063097256+0j), 'fr_61': (548.8844998436302+0j), 'fr_62': (554.7047870262832+0j), 'fr_63': (557.5651307869082+0j), 'fr_64': (559.82255515567+0j), 'fr_65': (562.1728277856075+0j), 'fr_66': (565.2453795312504+0j), 'fr_67': (568.0901589400521+0j), 'fr_68': (570.2260555873335+0j), 'fr_69': (574.1102315333221+0j), 'fr_70': (577.198447833566+0j), 'fr_71': (579.3295410965641+0j), 'fr_72': (581.0963594847879+0j), 'fr_73': (584.1080440132248+0j), 'fr_74': (587.18514370707+0j), 'fr_75': (593.902570834724+0j), 'fr_76': (595.9685098809088+0j), 'fr_77': (600.4618038924943+0j), 'fr_78': (602.694237847889+0j), 'fr_79': (607.780240244618+0j), 'fr_80': (612.139754580784+0j), 'fr_81': (615.0180879838359+0j), 'fr_82': (617.7336377116474+0j), 'fr_83': (619.4620469311872+0j), 'fr_84': (622.6301688846788+0j), 'fr_85': (627.7890232170968+0j), 'fr_86': (631.0066167495651+0j), 'fr_87': (634.6093792770677+0j), 'fr_88': (637.2332410225438+0j), 'fr_89': (639.5524243078225+0j), 'fr_90': (642.7640008123341+0j), 'fr_91': (645.9157964939452+0j), 'fr_92': (648.8873719220273+0j), 'fr_93': (652.003846907343+0j), 'fr_94': (654.3174317047587+0j), 'fr_95': (657.2660770209995+0j), 'fr_96': (661.0114786161153+0j), 'fr_97': (663.8579079326096+0j), 'fr_98': (667.2408144180713+0j), 'fr_99': (670.4219136649183+0j), 'fr_100': (674.6197895479867+0j)}
 All Rotated Propagted Std Devs:
 {'c11': (2.5717223370490823+0j), 'c12': (3.8145636528936318+0j), 'c13': (4.234496136946697+0j), 'c22': (4.295581995527901+0j), 'c23': (1.8041711769648554+0j), 'c33': (3.810793417455678+0j), 'c44': (2.0038664701525413+0j), 'c55': (4.0822514928510545+0j), 'c66': (4.1866681462848705+0j), 'c14': (4.278348240303323+0j), 'c15': (4.342253410927134+0j), 'c16': (8.586904857084985+0j), 'c24': (6.304487898112547+0j), 'c25': (6.315486055415927+0j), 'c26': (9.016939754433993+0j), 'c34': (6.7561123140096635+0j), 'c35': (7.759948182972401+0j), 'c36': (6.080109725567959+0j), 'c45': (7.329338018553064+0j), 'c46': (7.039519603491729+0j), 'c56': (5.430316233134372+0j), 'HS_Upper_C11': (2.4962855699034736+0j), 'HS_Upper_C12': (3.821170225194556+0j), 'HS_Upper_C13': (4.136932370850365+0j), 'HS_Upper_C22': (4.2718247603756705+0j), 'HS_Upper_C23': (1.7795157798697931+0j), 'HS_Upper_C33': (3.7651459277450043+0j), 'HS_Upper_C44': (1.9172051249526634+0j), 'HS_Upper_C55': (4.00979991252964+0j), 'HS_Upper_C66': (4.140934642896193+0j), 'HS_Upper_C14': (4.2500134253173565+0j), 'HS_Upper_C15': (4.292879141752118+0j), 'HS_Upper_C16': (8.510622276786073+0j), 'HS_Upper_C24': (6.286688750423884+0j), 'HS_Upper_C25': (6.231469213173205+0j), 'HS_Upper_C26': (8.991312141856667+0j), 'HS_Upper_C34': (6.652466595281221+0j), 'HS_Upper_C35': (7.7294335481532785+0j), 'HS_Upper_C36': (6.045081628854823+0j), 'HS_Upper_C45': (7.020099457230944+0j), 'HS_Upper_C46': (6.793900139394618+0j), 'HS_Upper_C56': (5.165539183792088+0j), 'HS_Lower_C11': (2.704638956868446+0j), 'HS_Lower_C12': (3.790586150453261+0j), 'HS_Lower_C13': (4.3894227397701195+0j), 'HS_Lower_C22': (4.325076794767121+0j), 'HS_Lower_C23': (1.8421214246698352+0j), 'HS_Lower_C33': (3.8774049715576764+0j), 'HS_Lower_C44': (2.182573829079837+0j), 'HS_Lower_C55': (4.206991432028324+0j), 'HS_Lower_C66': (4.230199418970539+0j), 'HS_Lower_C14': (4.3334852862133415+0j), 'HS_Lower_C15': (4.426220608525026+0j), 'HS_Lower_C16': (8.703913425470295+0j), 'HS_Lower_C24': (6.308234384548029+0j), 'HS_Lower_C25': (6.43636542814928+0j), 'HS_Lower_C26': (9.030752117255837+0j), 'HS_Lower_C34': (6.917355892224155+0j), 'HS_Lower_C35': (7.789734076318761+0j), 'HS_Lower_C36': (6.1158503634966825+0j), 'HS_Lower_C45': (7.864450645175416+0j), 'HS_Lower_C46': (7.461860938684434+0j), 'HS_Lower_C56': (5.893913600678601+0j), 'c4-40': (0.033073608303976154+0.49097289491097995j), 'c4-30': (0.27643284423242714+0.20293403825970474j), 'c4-20': (0.05573089404428599+0.48526306735296904j), 'c4-10': (0.4014280449352741-0.2942506820445288j), 'c400': (0.25276944350167746+0j), 'c410': (0.4014280449352741+0.2942506820445288j), 'c420': (0.05573089404428599-0.48526306735296904j), 'c430': (0.27643284423242714-0.20293403825970474j), 'c440': (0.033073608303976154-0.49097289491097995j), 'fr_1': (1.3246452660118193+0j), 'fr_2': (1.8153188402465608+0j), 'fr_3': (1.9579523874487166+0j), 'fr_4': (2.067398987020351+0j), 'fr_5': (2.3823282525471106+0j), 'fr_6': (2.634743816657553+0j), 'fr_7': (2.5503893311443298+0j), 'fr_8': (1.4328679473915618+0j), 'fr_9': (1.148148197766954+0j), 'fr_10': (2.8555462846050643+0j), 'fr_11': (1.6868716510938793+0j), 'fr_12': (1.821105381493018+0j), 'fr_13': (2.564521750555546+0j), 'fr_14': (1.8090340711088095+0j), 'fr_15': (1.878440072365318+0j), 'fr_16': (2.039093611774649+0j), 'fr_17': (1.4798040110083475+0j), 'fr_18': (2.3709873658842184+0j), 'fr_19': (1.5348174815643338+0j), 'fr_20': (1.86995453181412+0j), 'fr_21': (1.1805854566422287+0j), 'fr_22': (1.3961866555095914+0j), 'fr_23': (1.9299046290284307+0j), 'fr_24': (2.7380270144667307+0j), 'fr_25': (1.414211975200473+0j), 'fr_26': (0.9857906566959074+0j), 'fr_27': (1.6043699390773682+0j), 'fr_28': (1.7275217962657898+0j), 'fr_29': (1.8199801121273573+0j), 'fr_30': (1.5826748639378665+0j), 'fr_31': (1.7489644401992432+0j), 'fr_32': (1.8232729863002417+0j), 'fr_33': (1.7922923287210863+0j), 'fr_34': (2.9161978108680056+0j), 'fr_35': (1.3184662366005502+0j), 'fr_36': (2.0795889728636237+0j), 'fr_37': (1.19811549207657+0j), 'fr_38': (1.38765841866566+0j), 'fr_39': (1.1103948114721003+0j), 'fr_40': (1.4385175762987925+0j), 'fr_41': (1.3553860364720653+0j), 'fr_42': (2.1601686245348852+0j), 'fr_43': (1.808806174026096+0j), 'fr_44': (1.7963897996112201+0j), 'fr_45': (1.2979842669045052+0j), 'fr_46': (1.151600098368404+0j), 'fr_47': (1.4026151125162147+0j), 'fr_48': (2.2944736423710017+0j), 'fr_49': (1.4629387187797234+0j), 'fr_50': (2.3483583351401442+0j), 'fr_51': (1.418589995603886+0j), 'fr_52': (1.4468945500571457+0j), 'fr_53': (1.893710477739751+0j), 'fr_54': (1.953497773895931+0j), 'fr_55': (1.7905636147818773+0j), 'fr_56': (1.5622785208530592+0j), 'fr_57': (2.093651653811513+0j), 'fr_58': (2.3666546875376175+0j), 'fr_59': (1.7458055502839231+0j), 'fr_60': (1.5174949598516858+0j), 'fr_61': (2.207864889443487+0j), 'fr_62': (2.431665112389976+0j), 'fr_63': (1.493708888896427+0j), 'fr_64': (1.4797480268832766+0j), 'fr_65': (1.3693238773741283+0j), 'fr_66': (1.6547278695668932+0j), 'fr_67': (1.440988304809348+0j), 'fr_68': (1.466789585051788+0j), 'fr_69': (1.38873501154706+0j), 'fr_70': (1.7182676819026426+0j), 'fr_71': (1.3849394005704292+0j), 'fr_72': (1.27689311052671+0j), 'fr_73': (1.9466810951371931+0j), 'fr_74': (1.8336586934322898+0j), 'fr_75': (2.0245458857351712+0j), 'fr_76': (2.8853389987142326+0j), 'fr_77': (2.3512350149651997+0j), 'fr_78': (2.9772891181901726+0j), 'fr_79': (2.229297825339654+0j), 'fr_80': (1.534401927088549+0j), 'fr_81': (1.4198062965869007+0j), 'fr_82': (1.5892817780537172+0j), 'fr_83': (1.545040059662125+0j), 'fr_84': (1.4259088504909436+0j), 'fr_85': (1.8427621720679406+0j), 'fr_86': (1.420713416524979+0j), 'fr_87': (1.593929263528775+0j), 'fr_88': (1.5591456797323866+0j), 'fr_89': (1.726676770383938+0j), 'fr_90': (1.3749244451934763+0j), 'fr_91': (1.7435285788270598+0j), 'fr_92': (1.9999765473928626+0j), 'fr_93': (2.5200053767356905+0j), 'fr_94': (2.4716577250297487+0j), 'fr_95': (1.6198525506705406+0j), 'fr_96': (1.9219709807137286+0j), 'fr_97': (1.8977481449336249+0j), 'fr_98': (1.6943671086400056+0j), 'fr_99': (1.5348065985260788+0j), 'fr_100': (1.3421033193072478+0j)}
 Ordered Rotated Covariance Matrix (by input parameter order)
 [[ 6.61375578+0.j  0.        +0.j  0.        +0.j ...  0.        +0.j
   0.        +0.j  0.        +0.j]
 [ 0.        +0.j 14.55089586+0.j  0.        +0.j ...  0.        +0.j
   0.        +0.j  0.        +0.j]
 [ 0.        +0.j  0.        +0.j 17.93095753+0.j ...  0.        +0.j
   0.        +0.j  0.        +0.j]
 ...
 [ 0.        +0.j  0.        +0.j  0.        +0.j ...  2.8708799 +0.j
   0.        +0.j  0.        +0.j]
 [ 0.        +0.j  0.        +0.j  0.        +0.j ...  0.        +0.j
   2.35563129+0.j  0.        +0.j]
 [ 0.        +0.j  0.        +0.j  0.        +0.j ...  0.        +0.j
   0.        +0.j  1.80124132+0.j]]

 Mean Rotated Propagated Clmn:
 OrderedDict([('c400', 2.0246712854385946), ('c410', 0.6608917043162197), ('c420', 0.19467848686721295), ('c430', -1.217672929355134), ('c440', 1.3091387904422058), ('c440imag', -0.4404102361683082), ('c430imag', -1.1187556065912776), ('c420imag', -0.9399979515683246), ('c410imag', 0.11849837221289963)])
 Std Dev Rotated Propagated Clmn:
OrderedDict([('c400', 0.25276944350167746), ('c410', 0.4014280449352741), ('c420', 0.05573089404428599), ('c430', 0.27643284423242714), ('c440', 0.033073608303976154), ('c440imag', -0.49097289491097995), ('c430imag', -0.20293403825970474), ('c420imag', -0.48526306735296904), ('c410imag', 0.2942506820445288)])
