

 Total Inversion Time:
 87476.46474671364

 Total Inversion Time:
 87476.46474671364

 Total Inversion Time:
 87476.46474671364

 Total Inversion Time:
 87476.46474671364

 Total Inversion Time:
 87476.46474671364

 Total Inversion Time:
 87476.46474671364

 Total Inversion Time:
 87476.46474671364

 Total Inversion Time:
 87476.46474671364

 Total Inversion Time:
 87476.46474671364

 Total Inversion Time:
 87476.46474671364

 Total Inversion Time:
 87476.46474671364

 Dimension 1 in mm: 0.006914
 Dimension 2 in mm: 0.008215
 Dimension 3 in mm: 0.008672
 Density: 8589.062
 Polynomial Order: 12
 SMCPy Parameters
 Particle Number: 5500
 Number of time_steps: 15
 Number of MCMC steps: 6
 Calculated Variable Mean {'v1111': 0.0775646223916659, 'v1112': 0.0005565824149903387, 'v1113': -0.09820042391758305, 'v1122': -0.08269525481404288, 'v1123': -3.186035227798895e-05, 'v1222': -0.001303492215989321, 'v1223': 0.015595538537378457, 'v2222': 0.15734454577615253, 'v2223': 0.001396479991785827, 'rs': -0.015047448195799742, 'std_dev': 1.2790138339272872}

 Calculated Variable Variance {'v1111': 1.180366590456405e-05, 'v1112': 0.00012973028985334474, 'v1113': 1.1214868298893112e-05, 'v1122': 4.919955040364092e-06, 'v1123': 4.065729707191741e-05, 'v1222': 9.320065521342501e-05, 'v1223': 1.3803509065845316e-05, 'v2222': 7.241396366664663e-06, 'v2223': 0.00014987955872583682, 'rs': 3.2619183689309145e-07, 'std_dev': 0.016787962222765077}

 Calculated Variable Std Dev {'v1111': 0.0034356463590660856, 'v1112': 0.011389920537622058, 'v1113': 0.0033488607464170726, 'v1122': 0.002218097166574109, 'v1123': 0.006376307479405099, 'v1222': 0.00965404864362227, 'v1223': 0.003715307398566815, 'v2222': 0.0026909842746966513, 'v2223': 0.012242530732076469, 'rs': 0.0005711320660697414, 'std_dev': 0.1295683689129607}

 Calculated Variable Covar [[ 1.18036659e-05 -2.46142891e-07 -1.15770194e-07 -3.36263130e-06
   2.45746008e-07  1.62063675e-06 -2.48236821e-06  1.68961644e-06
   1.10071110e-08  9.65601346e-07  3.12865280e-06]
 [-2.46142891e-07  1.29730290e-04  2.06168458e-06 -1.93042907e-06
   2.24912361e-06 -4.45290306e-05 -1.81545004e-06  1.46188207e-06
  -1.83178885e-05 -2.48304076e-07  7.40281950e-05]
 [-1.15770194e-07  2.06168458e-06  1.12148683e-05 -1.85607802e-06
  -2.41270637e-06 -2.94331323e-06 -7.71668164e-06  9.90794156e-07
   3.33849915e-06 -6.47149429e-07  2.42583329e-05]
 [-3.36263130e-06 -1.93042907e-06 -1.85607802e-06  4.91995504e-06
   4.21898903e-08  4.23814906e-07  1.49216026e-06 -3.55870522e-06
   2.68753409e-07 -2.68182991e-07 -8.14389943e-06]
 [ 2.45746008e-07  2.24912361e-06 -2.41270637e-06  4.21898903e-08
   4.06572971e-05  2.14681070e-05  2.58283311e-07  1.19890739e-07
  -3.79602921e-05  8.75965954e-08  8.46360121e-06]
 [ 1.62063675e-06 -4.45290306e-05 -2.94331323e-06  4.23814906e-07
   2.14681070e-05  9.32006552e-05 -8.89705478e-07 -7.90320262e-08
  -2.80371590e-05  1.54271654e-07 -1.39937433e-05]
 [-2.48236821e-06 -1.81545004e-06 -7.71668164e-06  1.49216026e-06
   2.58283311e-07 -8.89705478e-07  1.38035091e-05 -4.90848771e-08
  -1.99822659e-06  2.86239256e-07 -1.51014965e-05]
 [ 1.68961644e-06  1.46188207e-06  9.90794156e-07 -3.55870522e-06
   1.19890739e-07 -7.90320262e-08 -4.90848771e-08  7.24139637e-06
  -1.14301495e-06  5.98078953e-07  1.21787200e-05]
 [ 1.10071110e-08 -1.83178885e-05  3.33849915e-06  2.68753409e-07
  -3.79602921e-05 -2.80371590e-05 -1.99822659e-06 -1.14301495e-06
   1.49879559e-04 -5.14493123e-08  8.55217981e-06]
 [ 9.65601346e-07 -2.48304076e-07 -6.47149429e-07 -2.68182991e-07
   8.75965954e-08  1.54271654e-07  2.86239256e-07  5.98078953e-07
  -5.14493123e-08  3.26191837e-07  2.95775727e-06]
 [ 3.12865280e-06  7.40281950e-05  2.42583329e-05 -8.14389943e-06
   8.46360121e-06 -1.39937433e-05 -1.51014965e-05  1.21787200e-05
   8.55217981e-06  2.95775727e-06  1.67879622e-02]]

 Residual stress factor across all frequencies (in %):
 N(-1.5047448195799742, 0.05711320660697414)
 Single Crystal Elastic Constants used in Model: {'sc11': 236.4, 'sc12': 150.8, 'sc44': 134.1}

 Mean 6x6 Vtens
 [[ 7.75646224e-02 -8.26952548e-02  5.13063242e-03 -3.18603523e-05
  -9.82004239e-02  5.56582415e-04]
 [-8.26952548e-02  1.57344546e-01 -7.46492910e-02  1.39647999e-03
   1.55955385e-02 -1.30349222e-03]
 [ 5.13063242e-03 -7.46492910e-02  6.95186585e-02 -1.36461964e-03
   8.26048854e-02  7.46909801e-04]
 [-3.18603523e-05  1.39647999e-03 -1.36461964e-03 -7.46492910e-02
   7.46909801e-04  1.55955385e-02]
 [-9.82004239e-02  1.55955385e-02  8.26048854e-02  7.46909801e-04
   5.13063242e-03 -3.18603523e-05]
 [ 5.56582415e-04 -1.30349222e-03  7.46909801e-04  1.55955385e-02
  -3.18603523e-05 -8.26952548e-02]]
 Std Dev 6x6 Vtens
 [[ 0.00343565  0.0022181  -0.00565374  0.00637631  0.00334886  0.01138992]
 [ 0.0022181   0.00269098 -0.00490908  0.01224253  0.00371531  0.00965405]
 [-0.00565374 -0.00490908  0.01056282 -0.01861884 -0.00706417 -0.02104397]
 [ 0.00637631  0.01224253 -0.01861884 -0.00490908 -0.02104397  0.00371531]
 [ 0.00334886  0.00371531 -0.00706417 -0.02104397 -0.00565374  0.00637631]
 [ 0.01138992  0.00965405 -0.02104397  0.00371531  0.00637631  0.0022181 ]]

 All Propagated Means:
 {'c11': (281.4674007683683+0j), 'c12': (136.75228266730036+0j), 'c13': (119.78031656433114+0j), 'c22': (265.3722707842518+0j), 'c23': (135.87544654844783+0j), 'c33': (282.344236887221+0j), 'c44': (103.16962962868196+0j), 'c55': (86.9482364022871+0j), 'c66': (105.17624096633307+0j), 'c14': (-0.024524986453816917+0j), 'c15': (19.54857913749135+0j), 'c16': (-0.10985399404434781+0j), 'c24': (-0.2823380463124681+0j), 'c25': (-2.7754306866529292+0j), 'c26': (0.268685588726462+0j), 'c34': (0.30686303276628496+0j), 'c35': (-16.77314845083842+0j), 'c36': (-0.15883159468211422+0j), 'c45': (-0.18323203986374006+0j), 'c46': (-3.9407541807784088+0j), 'c56': (0.010054554401528817+0j), 'HS_Upper_C11': (283.71353305674336+0j), 'HS_Upper_C12': (135.74888740365952+0j), 'HS_Upper_C13': (118.53757953959686+0j), 'HS_Upper_C22': (267.51115396169064+0j), 'HS_Upper_C23': (134.7399586346497+0j), 'HS_Upper_C33': (284.7224618257533+0j), 'HS_Upper_C44': (105.05983670340156+0j), 'HS_Upper_C55': (88.76122342583375+0j), 'HS_Upper_C66': (107.00064396629946+0j), 'HS_Upper_C14': (-0.018464320451384846+0j), 'HS_Upper_C15': (19.723229386422744+0j), 'HS_Upper_C16': (-0.11107318107625526+0j), 'HS_Upper_C24': (-0.28395044210029025+0j), 'HS_Upper_C25': (-2.8575844402486608+0j), 'HS_Upper_C26': (0.26919694673118966+0j), 'HS_Upper_C34': (0.30241476255167504+0j), 'HS_Upper_C35': (-16.865644946174086+0j), 'HS_Upper_C36': (-0.15812376565493447+0j), 'HS_Upper_C45': (-0.1777205930927027+0j), 'HS_Upper_C46': (-3.802264713832348+0j), 'HS_Upper_C56': (0.009207631522714966+0j), 'HS_Lower_C11': (277.8114130762701+0j), 'HS_Lower_C12': (138.32096078613682+0j), 'HS_Lower_C13': (121.86762613759278+0j), 'HS_Lower_C22': (262.0269566447739+0j), 'HS_Lower_C23': (137.65208256908903+0j), 'HS_Lower_C33': (278.4802912933179+0j), 'HS_Lower_C44': (99.88266922758942+0j), 'HS_Lower_C55': (83.91693277957562+0j), 'HS_Lower_C66': (101.98594749800765+0j), 'HS_Lower_C14': (-0.034533479192734945+0j), 'HS_Lower_C15': (19.104130305056852+0j), 'HS_Lower_C16': (-0.10688517699491322+0j), 'HS_Lower_C24': (-0.2774827611994505+0j), 'HS_Lower_C25': (-2.6245058173430458+0j), 'HS_Lower_C26': (0.2657771524914058+0j), 'HS_Lower_C34': (0.31201624039218556+0j), 'HS_Lower_C35': (-16.479624487713807+0j), 'HS_Lower_C36': (-0.15889197549649256+0j), 'HS_Lower_C45': (-0.19121034052369168+0j), 'HS_Lower_C46': (-4.147270854944507+0j), 'HS_Lower_C56': (0.011605721837913457+0j), 'c4-40': (1.256337237510831-0.012785899192097012j), 'c4-30': (0.7047175558664365-0.007252245571724556j), 'c4-20': (0.7254601238108873-0.013583700102014661j), 'c4-10': (-1.0622840520736037-0.017548764501318367j), 'c400': (0.9995196080549065+0j), 'c410': (-1.0622840520736037+0.017548764501318367j), 'c420': (0.7254601238108873+0.013583700102014661j), 'c430': (0.7047175558664365+0.007252245571724556j), 'c440': (1.256337237510831+0.012785899192097012j)}
 All Propagated Variances
 {'c11': (0.4370962796565498+0j), 'c12': (0.16460275519330925+0j), 'c13': (0.34840765101907883+0j), 'c22': (0.19455509735571602+0j), 'c23': (0.16951207557339568+0j), 'c33': (0.5040027280484424+0j), 'c44': (0.314952603606192+0j), 'c55': (0.4843180227688016+0j), 'c66': (0.3120821912459739+0j), 'c14': (1.6803694428419162+0j), 'c15': (0.4505322017828879+0j), 'c16': (6.333275304286549+0j), 'c24': (6.0040288742334775+0j), 'c25': (0.48246256032653073+0j), 'c26': (3.8326233312366265+0j), 'c34': (5.45508154514134+0j), 'c35': (0.3845329897431273+0j), 'c36': (6.799463014714166+0j), 'c45': (7.022513082740453+0j), 'c46': (0.870921068828304+0j), 'c56': (2.4101592099535707+0j), 'HS_Upper_C11': (0.4476948599099378+0j), 'HS_Upper_C12': (0.17148042700471536+0j), 'HS_Upper_C13': (0.36153019936586966+0j), 'HS_Upper_C22': (0.21242314808117707+0j), 'HS_Upper_C23': (0.17665150662457177+0j), 'HS_Upper_C33': (0.5229667204702201+0j), 'HS_Upper_C44': (0.2937066777901809+0j), 'HS_Upper_C55': (0.4731988118204369+0j), 'HS_Upper_C66': (0.2904263552390888+0j), 'HS_Upper_C14': (1.6765325711960353+0j), 'HS_Upper_C15': (0.45464157854784326+0j), 'HS_Upper_C16': (6.178682126261013+0j), 'HS_Upper_C24': (6.098124338021461+0j), 'HS_Upper_C25': (0.50150137713576+0j), 'HS_Upper_C26': (3.8718790178381233+0j), 'HS_Upper_C34': (5.347939548323247+0j), 'HS_Upper_C35': (0.3883438620091165+0j), 'HS_Upper_C36': (6.591351817111907+0j), 'HS_Upper_C45': (6.767067883947311+0j), 'HS_Upper_C46': (0.8122659469119283+0j), 'HS_Upper_C56': (2.261684525820657+0j), 'HS_Lower_C11': (0.41589486176460905+0j), 'HS_Lower_C12': (0.15250176192173476+0j), 'HS_Lower_C13': (0.3242408522241782+0j), 'HS_Lower_C22': (0.16594785595558095+0j), 'HS_Lower_C23': (0.15690359469841703+0j), 'HS_Lower_C33': (0.46876658378398495+0j), 'HS_Lower_C44': (0.3487912134912382+0j), 'HS_Lower_C55': (0.4966400712906614+0j), 'HS_Lower_C66': (0.34649403095313697+0j), 'HS_Lower_C14': (1.6833628218874355+0j), 'HS_Lower_C15': (0.43920038437592024+0j), 'HS_Lower_C16': (6.513299734879063+0j), 'HS_Lower_C24': (5.7569399214896135+0j), 'HS_Lower_C25': (0.4462641138210937+0j), 'HS_Lower_C26': (3.7095456154485658+0j), 'HS_Lower_C34': (5.565765061164348+0j), 'HS_Lower_C35': (0.37437898670537356+0j), 'HS_Lower_C36': (7.060094494089368+0j), 'HS_Lower_C45': (7.36231439365584+0j), 'HS_Lower_C46': (0.9621522641242882+0j), 'HS_Lower_C56': (2.6477297181395105+0j), 'c4-40': (-0.013906931216142468-0.00032601550974825183j), 'c4-30': (-0.013272771770669404+0.0008928288097607269j), 'c4-20': (-0.04298308807393711+2.7638098089905353e-06j), 'c4-10': (-0.017369544206929155+0.0002692802787485721j), 'c400': (0.0029806299572396762+0j), 'c410': (-0.017369544206929155-0.0002692802787485721j), 'c420': (-0.04298308807393711-2.7638098089905353e-06j), 'c430': (-0.013272771770669404-0.0008928288097607269j), 'c440': (-0.013906931216142468+0.00032601550974825183j)}
 All Propagted Std Devs:
 {'c11': (0.6611325734348216+0j), 'c12': (0.40571265101461806+0j), 'c13': (0.590260663621657+0j), 'c22': (0.44108400260689123+0j), 'c23': (0.411718442109891+0j), 'c33': (0.7099314953208108+0j), 'c44': (0.5612063823640925+0j), 'c55': (0.6959296104986492+0j), 'c66': (0.5586431698731973+0j), 'c14': (1.2962906475177225+0j), 'c15': (0.6712169558219517+0j), 'c16': (2.516599949194657+0j), 'c24': (2.450311995284167+0j), 'c25': (0.6945952492830129+0j), 'c26': (1.9577086941719972+0j), 'c34': (2.335611599804501+0j), 'c35': (0.6201072405182246+0j), 'c36': (2.6075779978198477+0j), 'c45': (2.6500024684404453+0j), 'c46': (0.9332315194142898+0j), 'c56': (1.5524687468524352+0j), 'HS_Upper_C11': (0.6691000372963207+0j), 'HS_Upper_C12': (0.41410195242804076+0j), 'HS_Upper_C13': (0.6012738139698666+0j), 'HS_Upper_C22': (0.46089385771691194+0j), 'HS_Upper_C23': (0.4202993060005831+0j), 'HS_Upper_C33': (0.7231643799788676+0j), 'HS_Upper_C44': (0.541947117152754+0j), 'HS_Upper_C55': (0.6878944772422853+0j), 'HS_Upper_C66': (0.5389121962241055+0j), 'HS_Upper_C14': (1.2948098590897565+0j), 'HS_Upper_C15': (0.6742711461629092+0j), 'HS_Upper_C16': (2.485695501516832+0j), 'HS_Upper_C24': (2.469438061183447+0j), 'HS_Upper_C25': (0.7081676193781808+0j), 'HS_Upper_C26': (1.9677090785576314+0j), 'HS_Upper_C34': (2.312561252880288+0j), 'HS_Upper_C35': (0.6231724175612369+0j), 'HS_Upper_C36': (2.567362813688768+0j), 'HS_Upper_C45': (2.601358853358627+0j), 'HS_Upper_C46': (0.9012579802209401+0j), 'HS_Upper_C56': (1.5038897984296113+0j), 'HS_Lower_C11': (0.6448991097564092+0j), 'HS_Lower_C12': (0.39051473969843287+0j), 'HS_Lower_C13': (0.5694215066400093+0j), 'HS_Lower_C22': (0.4073669794614936+0j), 'HS_Lower_C23': (0.3961105839262781+0j), 'HS_Lower_C33': (0.6846653078577772+0j), 'HS_Lower_C44': (0.590585483644187+0j), 'HS_Lower_C55': (0.7047269480377925+0j), 'HS_Lower_C66': (0.5886374359086729+0j), 'HS_Lower_C14': (1.2974447278737677+0j), 'HS_Lower_C15': (0.6627219510291781+0j), 'HS_Lower_C16': (2.552116716547083+0j), 'HS_Lower_C24': (2.399362398948857+0j), 'HS_Lower_C25': (0.6680300246404302+0j), 'HS_Lower_C26': (1.9260180724615659+0j), 'HS_Lower_C34': (2.3591873730512267+0j), 'HS_Lower_C35': (0.6118651703646593+0j), 'HS_Lower_C36': (2.657083832717622+0j), 'HS_Lower_C45': (2.71335850813265+0j), 'HS_Lower_C46': (0.9808936048951936+0j), 'HS_Lower_C56': (1.6271845986671305+0j), 'c4-40': (0.0013821742091058584-0.1179357520927678j), 'c4-30': (0.0038726848599684944+0.11527258762903708j), 'c4-20': (6.6654480990001625e-06+0.20732363135534093j), 'c4-10': (0.001021568034395733+0.13179752580446286j), 'c400': (0.054595145912797745+0j), 'c410': (0.001021568034395733-0.13179752580446286j), 'c420': (6.6654480990001625e-06-0.20732363135534093j), 'c430': (0.0038726848599684944-0.11527258762903708j), 'c440': (0.0013821742091058584+0.1179357520927678j)}
 Ordered Covariance Matrix (by input parameter order)
 [[ 0.43709628+0.00000000e+00j  0.        +0.00000000e+00j
   0.        +0.00000000e+00j ...  0.        -0.00000000e+00j
   0.        -0.00000000e+00j -0.        +0.00000000e+00j]
 [ 0.        +0.00000000e+00j  0.16460276+0.00000000e+00j
   0.        +0.00000000e+00j ...  0.        -0.00000000e+00j
   0.        -0.00000000e+00j -0.        +0.00000000e+00j]
 [ 0.        +0.00000000e+00j  0.        +0.00000000e+00j
   0.34840765+0.00000000e+00j ...  0.        -0.00000000e+00j
   0.        -0.00000000e+00j -0.        +0.00000000e+00j]
 ...
 [ 0.        +0.00000000e+00j  0.        +0.00000000e+00j
   0.        +0.00000000e+00j ... -0.04298309-2.76380981e-06j
   0.        -0.00000000e+00j -0.        +0.00000000e+00j]
 [ 0.        +0.00000000e+00j  0.        +0.00000000e+00j
   0.        +0.00000000e+00j ...  0.        -0.00000000e+00j
  -0.01327277-8.92828810e-04j -0.        +0.00000000e+00j]
 [ 0.        +0.00000000e+00j  0.        +0.00000000e+00j
   0.        +0.00000000e+00j ...  0.        -0.00000000e+00j
   0.        -0.00000000e+00j -0.01390693+3.26015510e-04j]]
 Propagated Mean Self Consistent Cij 6x6 Voigt Tensor:
 [[ 2.81467401e+02  1.36752283e+02  1.19780317e+02 -2.45249865e-02
   1.95485791e+01 -1.09853994e-01]
 [ 1.36752283e+02  2.65372271e+02  1.35875447e+02 -2.82338046e-01
  -2.77543069e+00  2.68685589e-01]
 [ 1.19780317e+02  1.35875447e+02  2.82344237e+02  3.06863033e-01
  -1.67731485e+01 -1.58831595e-01]
 [-2.45249865e-02 -2.82338046e-01  3.06863033e-01  1.03169630e+02
  -1.83232040e-01 -3.94075418e+00]
 [ 1.95485791e+01 -2.77543069e+00 -1.67731485e+01 -1.83232040e-01
   8.69482364e+01  1.00545544e-02]
 [-1.09853994e-01  2.68685589e-01 -1.58831595e-01 -3.94075418e+00
   1.00545544e-02  1.05176241e+02]]
 Propagated Std Dev Self Consistent Cij 6x6 Voigt Tensor
 [[0.66113257 0.40571265 0.59026066 1.29629065 0.67121696 2.51659995]
 [0.40571265 0.441084   0.41171844 2.450312   0.69459525 1.95770869]
 [0.59026066 0.41171844 0.7099315  2.3356116  0.62010724 2.607578  ]
 [1.29629065 2.450312   2.3356116  0.56120638 2.65000247 0.93323152]
 [0.67121696 0.69459525 0.62010724 2.65000247 0.69592961 1.55246875]
 [2.51659995 1.95770869 2.607578   0.93323152 1.55246875 0.55864317]]

 Mean UpperHS 6x6 bound from Mean Vtensor:
 [[ 2.83713533e+02  1.35748887e+02  1.18537580e+02 -1.84643205e-02
   1.97232294e+01 -1.11073181e-01]
 [ 1.35748887e+02  2.67511154e+02  1.34739959e+02 -2.83950442e-01
  -2.85758444e+00  2.69196947e-01]
 [ 1.18537580e+02  1.34739959e+02  2.84722462e+02  3.02414763e-01
  -1.68656449e+01 -1.58123766e-01]
 [-1.84643205e-02 -2.83950442e-01  3.02414763e-01  1.05059837e+02
  -1.77720593e-01 -3.80226471e+00]
 [ 1.97232294e+01 -2.85758444e+00 -1.68656449e+01 -1.77720593e-01
   8.87612234e+01  9.20763152e-03]
 [-1.11073181e-01  2.69196947e-01 -1.58123766e-01 -3.80226471e+00
   9.20763152e-03  1.07000644e+02]]
 Upper 6x6 HS bound Propagated Std Dev:
 [[0.66910004 0.41410195 0.60127381 1.29480986 0.67427115 2.4856955 ]
 [0.41410195 0.46089386 0.42029931 2.46943806 0.70816762 1.96770908]
 [0.60127381 0.42029931 0.72316438 2.31256125 0.62317242 2.56736281]
 [1.29480986 2.46943806 2.31256125 0.54194712 2.60135885 0.90125798]
 [0.67427115 0.70816762 0.62317242 2.60135885 0.68789448 1.5038898 ]
 [2.4856955  1.96770908 2.56736281 0.90125798 1.5038898  0.5389122 ]]

 Mean Lower HS 6x6 bound from Mean Vtensor:
 [[ 2.77811413e+02  1.38320961e+02  1.21867626e+02 -3.45334792e-02
   1.91041303e+01 -1.06885177e-01]
 [ 1.38320961e+02  2.62026957e+02  1.37652083e+02 -2.77482761e-01
  -2.62450582e+00  2.65777152e-01]
 [ 1.21867626e+02  1.37652083e+02  2.78480291e+02  3.12016240e-01
  -1.64796245e+01 -1.58891975e-01]
 [-3.45334792e-02 -2.77482761e-01  3.12016240e-01  9.98826692e+01
  -1.91210341e-01 -4.14727085e+00]
 [ 1.91041303e+01 -2.62450582e+00 -1.64796245e+01 -1.91210341e-01
   8.39169328e+01  1.16057218e-02]
 [-1.06885177e-01  2.65777152e-01 -1.58891975e-01 -4.14727085e+00
   1.16057218e-02  1.01985947e+02]]
 Lower 6x6 HS bound Propagated Std Dev:
 [[0.64489911 0.39051474 0.56942151 1.29744473 0.66272195 2.55211672]
 [0.39051474 0.40736698 0.39611058 2.3993624  0.66803002 1.92601807]
 [0.56942151 0.39611058 0.68466531 2.35918737 0.61186517 2.65708383]
 [1.29744473 2.3993624  2.35918737 0.59058548 2.71335851 0.9808936 ]
 [0.66272195 0.66803002 0.61186517 2.71335851 0.70472695 1.6271846 ]
 [2.55211672 1.92601807 2.65708383 0.9808936  1.6271846  0.58863744]]

 Mean Propagated Clmn:
 OrderedDict([('c4-40', (1.256337237510831-0.012785899192097012j)), ('c4-30', (0.7047175558664365-0.007252245571724556j)), ('c4-20', (0.7254601238108873-0.013583700102014661j)), ('c4-10', (-1.0622840520736037-0.017548764501318367j)), ('c400', (0.9995196080549065+0j)), ('c410', (-1.0622840520736037+0.017548764501318367j)), ('c420', (0.7254601238108873+0.013583700102014661j)), ('c430', (0.7047175558664365+0.007252245571724556j)), ('c440', (1.256337237510831+0.012785899192097012j))])

 Variance Propagated Clmn:
 OrderedDict([('c4-40', (-0.013906931216142468-0.00032601550974825183j)), ('c4-30', (-0.013272771770669404+0.0008928288097607269j)), ('c4-20', (-0.04298308807393711+2.7638098089905353e-06j)), ('c4-10', (-0.017369544206929155+0.0002692802787485721j)), ('c400', (0.0029806299572396762+0j)), ('c410', (-0.017369544206929155-0.0002692802787485721j)), ('c420', (-0.04298308807393711-2.7638098089905353e-06j)), ('c430', (-0.013272771770669404-0.0008928288097607269j)), ('c440', (-0.013906931216142468+0.00032601550974825183j))])
 Std Dev Propagated Clmn:
OrderedDict([('c4-40', (0.0013821742091058584-0.1179357520927678j)), ('c4-30', (0.0038726848599684944+0.11527258762903708j)), ('c4-20', (6.6654480990001625e-06+0.20732363135534093j)), ('c4-10', (0.001021568034395733+0.13179752580446286j)), ('c400', (0.054595145912797745+0j)), ('c410', (0.001021568034395733-0.13179752580446286j)), ('c420', (6.6654480990001625e-06-0.20732363135534093j)), ('c430', (0.0038726848599684944-0.11527258762903708j)), ('c440', (0.0013821742091058584+0.1179357520927678j))])

 Total Inversion Time:
 91091.4287033081
