
 
 Total Inversion Time: 
 25020.536372184753
 
 Total Inversion Time: 
 25020.536372184753
 
 Total Inversion Time: 
 25020.536372184753
 
 Total Inversion Time: 
 25020.536372184753
 
 Total Inversion Time: 
 25020.536372184753
Input Prior ImproperUniform()
Parameter Proposals are norm(Mean,Std_dev) for V or invgamma(mean,std) for sigma(std_dev):
{'v1111': (0.08, 0.004), 'v1112': (-0.0109, 0.014), 'v1113': (0.095, 0.0166), 'v1122': (-0.08, 0.003), 'v1123': (-0.0014, 0.007), 'v1222': (-0.0017, 0.0126), 'v1223': (-0.015, 0.0068), 'v2222': (0.15, 0.0039), 'v2223': (0.002, 0.013), 'std_dev': (4.166666666666666, 0.8688100585711449)}

 Dimension 1 in mm: 0.0069123
 Dimension 2 in mm: 0.008214
 Dimension 3 in mm: 0.008673
 Density: 8580.06
 Polynomial Order: 12
 SMCPy Parameters
 Particle Number: 5000
 Number of time_steps: 5
 Number of MCMC steps: 6
 Calculated Variable Mean {'v1111': 0.07575314502542638, 'v1112': 0.002052598807725112, 'v1113': 0.09610772014182667, 'v1122': -0.08320506371691135, 'v1123': -0.001154965333589671, 'v1222': -0.0015618723355480249, 'v1223': -0.01456392907106074, 'v2222': 0.15673757487591153, 'v2223': -0.007083243520877344, 'std_dev': 1.2802868022151372}

 Calculated Variable Variance {'v1111': 7.506669064683613e-06, 'v1112': 7.922336610131633e-05, 'v1113': 9.330639364075859e-06, 'v1122': 4.841986479623313e-06, 'v1123': 3.047888289672854e-05, 'v1222': 0.00010479342788636204, 'v1223': 9.446206238000418e-06, 'v2222': 5.185645963507972e-06, 'v2223': 6.955032739050808e-05, 'std_dev': 0.01429607875435778}

 Calculated Variable Std Dev {'v1111': 0.0027398301160261036, 'v1112': 0.008900750872893609, 'v1113': 0.0030546095272679058, 'v1122': 0.002200451426326724, 'v1123': 0.005520768324855567, 'v1222': 0.01023686611646172, 'v1223': 0.003073468112409891, 'v2222': 0.0022772013445253305, 'v2223': 0.008339683890322707, 'std_dev': 0.11956621075520366}

 Calculated Variable Covar [[ 7.50666906e-06  5.93745047e-06 -1.96188618e-06 -3.45674138e-06
   1.24848037e-06 -2.07296155e-06  9.62731262e-07  7.17490580e-07
   3.12106427e-06  1.13330950e-04]
 [ 5.93745047e-06  7.92233661e-05 -5.23273684e-06 -7.18839362e-06
   2.90854699e-06 -3.69715388e-05  7.65298554e-06  2.72395880e-06
  -6.81689501e-06  5.27224350e-05]
 [-1.96188618e-06 -5.23273684e-06  9.33063936e-06  2.81997455e-06
   8.91665286e-08 -7.51789388e-07 -5.94720210e-06 -2.42733073e-06
  -1.75168490e-06 -7.73444645e-05]
 [-3.45674138e-06 -7.18839362e-06  2.81997455e-06  4.84198648e-06
  -4.85829391e-07 -2.05086045e-06 -2.15762384e-06 -2.96197511e-06
   8.94743715e-07 -8.99012199e-06]
 [ 1.24848037e-06  2.90854699e-06  8.91665286e-08 -4.85829391e-07
   3.04788829e-05 -2.24836019e-05 -1.70451628e-07 -2.01265445e-06
  -1.65459577e-05  1.22482897e-04]
 [-2.07296155e-06 -3.69715388e-05 -7.51789388e-07 -2.05086045e-06
  -2.24836019e-05  1.04793428e-04  2.31737384e-07  6.03952044e-06
   2.55581519e-05 -3.02527927e-04]
 [ 9.62731262e-07  7.65298554e-06 -5.94720210e-06 -2.15762384e-06
  -1.70451628e-07  2.31737384e-07  9.44620624e-06  1.86874412e-06
   2.74360855e-06  2.20463238e-05]
 [ 7.17490580e-07  2.72395880e-06 -2.42733073e-06 -2.96197511e-06
  -2.01265445e-06  6.03952044e-06  1.86874412e-06  5.18564596e-06
   1.67580120e-06 -6.27451281e-05]
 [ 3.12106427e-06 -6.81689501e-06 -1.75168490e-06  8.94743715e-07
  -1.65459577e-05  2.55581519e-05  2.74360855e-06  1.67580120e-06
   6.95503274e-05  1.53612171e-04]
 [ 1.13330950e-04  5.27224350e-05 -7.73444645e-05 -8.99012199e-06
   1.22482897e-04 -3.02527927e-04  2.20463238e-05 -6.27451281e-05
   1.53612171e-04  1.42960788e-02]]

 Single Crystal Elastic Constants used in Model: {'sc11': 236.4, 'sc12': 150.8, 'sc44': 134.1}

 Mean 6x6 Vtens 
 [[ 0.07575315 -0.08320506  0.00745192 -0.00115497  0.09610772  0.0020526 ]
 [-0.08320506  0.15673757 -0.07353251 -0.00708324 -0.01456393 -0.00156187]
 [ 0.00745192 -0.07353251  0.06608059  0.00823821 -0.08154379 -0.00049073]
 [-0.00115497 -0.00708324  0.00823821 -0.07353251 -0.00049073 -0.01456393]
 [ 0.09610772 -0.01456393 -0.08154379 -0.00049073  0.00745192 -0.00115497]
 [ 0.0020526  -0.00156187 -0.00049073 -0.01456393 -0.00115497 -0.08320506]]
 Std Dev 6x6 Vtens 
 [[ 0.00273983  0.00220045 -0.00494028  0.00552077  0.00305461  0.00890075]
 [ 0.00220045  0.0022772  -0.00447765  0.00833968  0.00307347  0.01023687]
 [-0.00494028 -0.00447765  0.00941793 -0.01386045 -0.00612808 -0.01913762]
 [ 0.00552077  0.00833968 -0.01386045 -0.00447765 -0.01913762  0.00307347]
 [ 0.00305461  0.00307347 -0.00612808 -0.01913762 -0.00494028  0.00552077]
 [ 0.00890075  0.01023687 -0.01913762  0.00307347  0.00552077  0.00220045]]
 
 All Propagated Means: 
 {'c11': (281.72454644456946+0j), 'c12': (136.88346741594137+0j), 'c13': (119.39198613948793+0j), 'c22': (265.4604716155183+0j), 'c23': (135.656060968539+0j), 'c33': (282.9519528919718+0j), 'c44': (102.86998730314075+0j), 'c55': (86.38497803969099+0j), 'c66': (105.28283997471138+0j), 'c14': (0.3182069707405491+0j), 'c15': (-19.117898990894247+0j), 'c16': (-0.4657652778683159+0j), 'c24': (1.4262645891718904+0j), 'c25': (2.573189463754002+0j), 'c26': (0.34551062125687126+0j), 'c34': (-1.7444715599124394+0j), 'c35': (16.544709527140242+0j), 'c36': (0.12025465661144463+0j), 'c45': (0.026924884996694043+0j), 'c46': (3.6720408686542583+0j), 'c56': (0.2962449985728954+0j), 'HS_Upper_C11': (283.9924273777469+0j), 'HS_Upper_C12': (135.87628232606502+0j), 'HS_Upper_C13': (118.13129029618649+0j), 'HS_Upper_C22': (267.6056802289887+0j), 'HS_Upper_C23': (134.51803744494475+0j), 'HS_Upper_C33': (285.35067225886723+0j), 'HS_Upper_C44': (104.77401223765293+0j), 'HS_Upper_C55': (88.21265260751466+0j), 'HS_Upper_C66': (107.10780962198109+0j), 'HS_Upper_C14': (0.3035057040080036+0j), 'HS_Upper_C15': (-19.293134380978966+0j), 'HS_Upper_C16': (-0.4584280547985895+0j), 'HS_Upper_C24': (1.4360417797862066+0j), 'HS_Upper_C25': (2.653160619350109+0j), 'HS_Upper_C26': (0.34144792341889685+0j), 'HS_Upper_C34': (-1.7395474837942102+0j), 'HS_Upper_C35': (16.63997376162886+0j), 'HS_Upper_C36': (0.11698013137969265+0j), 'HS_Upper_C45': (0.04198187052536845+0j), 'HS_Upper_C46': (3.5447746247965055+0j), 'HS_Upper_C56': (0.2855874371861269+0j), 'HS_Lower_C11': (278.0313405460475+0j), 'HS_Lower_C12': (138.45658263685624+0j), 'HS_Lower_C13': (121.51207681709553+0j), 'HS_Lower_C22': (262.1048051657417+0j), 'HS_Lower_C23': (137.4386121974012+0j), 'HS_Lower_C33': (279.0493109855024+0j), 'HS_Lower_C44': (99.5611751747947+0j), 'HS_Lower_C55': (83.33402095121964+0j), 'HS_Lower_C66': (102.08994034968217+0j), 'HS_Lower_C14': (0.3400547179814432+0j), 'HS_Lower_C15': (-18.67431705250454+0j), 'HS_Lower_C16': (-0.4743230992148283+0j), 'HS_Lower_C24': (1.3985441967623347+0j), 'HS_Lower_C25': (2.4272999621969378+0j), 'HS_Lower_C26': (0.349798073133755+0j), 'HS_Lower_C34': (-1.7385989147437777+0j), 'HS_Lower_C35': (16.247017090307605+0j), 'HS_Lower_C36': (0.12452502608107288+0j), 'HS_Lower_C45': (0.001052151553686688+0j), 'HS_Lower_C46': (3.860865140267444+0j), 'HS_Lower_C56': (0.3116305529828992+0j), 'c4-40': (1.257437751915329-0.024845381416924085j), 'c4-30': (-0.6795032676997314+0.017587179025911913j), 'c4-20': (0.7364130223959491+0.008924613415512376j), 'c4-10': (1.0486385690313522+0.10594189246159316j), 'c400': (0.9500880665788062+0j), 'c410': (1.0486385690313522-0.10594189246159316j), 'c420': (0.7364130223959491-0.008924613415512376j), 'c430': (-0.6795032676997314-0.017587179025911913j), 'c440': (1.257437751915329+0.024845381416924085j)}
 All Propagated Variances 
 {'c11': (0.29317104897356694+0j), 'c12': (0.1640620989417902+0j), 'c13': (0.2058446125239352+0j), 'c22': (0.15065821710901228+0j), 'c23': (0.13348299688006451+0j), 'c33': (0.30075781682299296+0j), 'c44': (0.2486444414105691+0j), 'c55': (0.251613483256933+0j), 'c66': (0.30217334306756344+0j), 'c14': (1.2903795413615353+0j), 'c15': (0.37914831620936046+0j), 'c16': (3.796983949284819+0j), 'c24': (2.8107340453844767+0j), 'c25': (0.3257495018842728+0j), 'c26': (4.31312662688929+0j), 'c34': (3.1086340597147766+0j), 'c35': (0.274447809908802+0j), 'c36': (5.449292825204455+0j), 'c45': (5.636439115795212+0j), 'c46': (0.5996436446818209+0j), 'c56': (1.76212645501775+0j), 'HS_Upper_C11': (0.2971532192790704+0j), 'HS_Upper_C12': (0.1712898411952007+0j), 'HS_Upper_C13': (0.20994049127163483+0j), 'HS_Upper_C22': (0.16202526577685622+0j), 'HS_Upper_C23': (0.14013460879468026+0j), 'HS_Upper_C33': (0.3064201121085392+0j), 'HS_Upper_C44': (0.23338064045863144+0j), 'HS_Upper_C55': (0.24729418801748382+0j), 'HS_Upper_C66': (0.28221941581017+0j), 'HS_Upper_C14': (1.2846195419683182+0j), 'HS_Upper_C15': (0.38225989497530277+0j), 'HS_Upper_C16': (3.7164376807211164+0j), 'HS_Upper_C24': (2.8499492861560016+0j), 'HS_Upper_C25': (0.3397383141057657+0j), 'HS_Upper_C26': (4.357361966810828+0j), 'HS_Upper_C34': (3.0605563592254135+0j), 'HS_Upper_C35': (0.27770995878540483+0j), 'HS_Upper_C36': (5.309729770228353+0j), 'HS_Upper_C45': (5.458192556766824+0j), 'HS_Upper_C46': (0.5588288107264008+0j), 'HS_Upper_C56': (1.662723994366013+0j), 'HS_Lower_C11': (0.2838242267970272+0j), 'HS_Lower_C12': (0.15077867129302314+0j), 'HS_Lower_C13': (0.19729677455534572+0j), 'HS_Lower_C22': (0.13182505011704734+0j), 'HS_Lower_C23': (0.1219180289462092+0j), 'HS_Lower_C33': (0.2882271592877434+0j), 'HS_Lower_C44': (0.2721829813526029+0j), 'HS_Lower_C55': (0.2561223189659256+0j), 'HS_Lower_C66': (0.333255562533535+0j), 'HS_Lower_C14': (1.293399744293306+0j), 'HS_Lower_C15': (0.3696674105906139+0j), 'HS_Lower_C16': (3.884533499077873+0j), 'HS_Lower_C24': (2.702818018754077+0j), 'HS_Lower_C25': (0.299380030565955+0j), 'HS_Lower_C26': (4.173715346697233+0j), 'HS_Lower_C34': (3.150914706386648+0j), 'HS_Lower_C35': (0.26610071233021887+0j), 'HS_Lower_C36': (5.60825187178286+0j), 'HS_Lower_C45': (5.858906280713548+0j), 'HS_Lower_C46': (0.6630282734420763+0j), 'HS_Lower_C56': (1.9170749939965024+0j), 'c4-40': (-0.01140465730643565-0.0008391611662334818j), 'c4-30': (-0.007397136606805117-0.0005567975336140652j), 'c4-20': (-0.03547604091016807+0.0016203410494867558j), 'c4-10': (-0.00993157140369835-0.0003011936992393552j), 'c400': (0.001616618381872671+0j), 'c410': (-0.00993157140369835+0.0003011936992393552j), 'c420': (-0.03547604091016807-0.0016203410494867558j), 'c430': (-0.007397136606805117+0.0005567975336140652j), 'c440': (-0.01140465730643565+0.0008391611662334818j)}
 All Propagted Std Devs: 
 {'c11': (0.5414527209032816+0j), 'c12': (0.4050457985731863+0j), 'c13': (0.4537010166661909+0j), 'c22': (0.3881471590891943+0j), 'c23': (0.36535324944506037+0j), 'c33': (0.5484139101290129+0j), 'c44': (0.4986425988727488+0j), 'c55': (0.5016108882958313+0j), 'c66': (0.5497029589401565+0j), 'c14': (1.1359487406399706+0j), 'c15': (0.6157502060164985+0j), 'c16': (1.9485851147139606+0j), 'c24': (1.676524394509211+0j), 'c25': (0.5707446906316982+0j), 'c26': (2.076806834274505+0j), 'c34': (1.7631318894838175+0j), 'c35': (0.5238776669307463+0j), 'c36': (2.3343720408719033+0j), 'c45': (2.374118597668451+0j), 'c46': (0.7743666087079303+0j), 'c56': (1.3274511121008374+0j), 'HS_Upper_C11': (0.5451176196740208+0j), 'HS_Upper_C12': (0.4138717690241758+0j), 'HS_Upper_C13': (0.4581926355493231+0j), 'HS_Upper_C22': (0.4025236213899207+0j), 'HS_Upper_C23': (0.3743455740284373+0j), 'HS_Upper_C33': (0.5535522668263035+0j), 'HS_Upper_C44': (0.48309485658474094+0j), 'HS_Upper_C55': (0.4972868267081723+0j), 'HS_Upper_C66': (0.5312432736611071+0j), 'HS_Upper_C14': (1.1334105796084304+0j), 'HS_Upper_C15': (0.6182716999631334+0j), 'HS_Upper_C16': (1.9278064427532957+0j), 'HS_Upper_C24': (1.6881792814023047+0j), 'HS_Upper_C25': (0.5828707524878614+0j), 'HS_Upper_C26': (2.0874295118185016+0j), 'HS_Upper_C34': (1.7494445859258914+0j), 'HS_Upper_C35': (0.5269819340218456+0j), 'HS_Upper_C36': (2.3042850887484283+0j), 'HS_Upper_C45': (2.336277499948759+0j), 'HS_Upper_C46': (0.7475485340273237+0j), 'HS_Upper_C56': (1.289466554186658+0j), 'HS_Lower_C11': (0.5327515619845963+0j), 'HS_Lower_C12': (0.3883022937004405+0j), 'HS_Lower_C13': (0.4441810155278428+0j), 'HS_Lower_C22': (0.3630771958097167+0j), 'HS_Lower_C23': (0.34916762299246645+0j), 'HS_Lower_C33': (0.5368679160536075+0j), 'HS_Lower_C44': (0.5217115882866729+0j), 'HS_Lower_C55': (0.5060852882330463+0j), 'HS_Lower_C66': (0.577282913772385+0j), 'HS_Lower_C14': (1.137277338336303+0j), 'HS_Lower_C15': (0.6080028047555487+0j), 'HS_Lower_C16': (1.970921992134106+0j), 'HS_Lower_C24': (1.6440249446872992+0j), 'HS_Lower_C25': (0.5471563127351772+0j), 'HS_Lower_C26': (2.0429672896787245+0j), 'HS_Lower_C34': (1.7750816055569525+0j), 'HS_Lower_C35': (0.5158495055054515+0j), 'HS_Lower_C36': (2.36817479755673+0j), 'HS_Lower_C45': (2.420517771203828+0j), 'HS_Lower_C46': (0.8142654809348584+0j), 'HS_Lower_C56': (1.384584773134712+0j), 'c4-40': (0.00392627706346529-0.10686474141649688j), 'c4-30': (0.0032346593932247743-0.08606741327700801j), 'c4-20': (0.0043002697996442595+0.18839992895571328j), 'c4-10': (0.001510973997820993-0.09966872351003819j), 'c400': (0.04020719316083468+0j), 'c410': (0.001510973997820993+0.09966872351003819j), 'c420': (0.0043002697996442595-0.18839992895571328j), 'c430': (0.0032346593932247743+0.08606741327700801j), 'c440': (0.00392627706346529+0.10686474141649688j)}
 Ordered Covariance Matrix (by input parameter order) 
 [[ 0.29317105+0.j          0.        +0.j          0.        +0.j
  ...  0.        -0.j         -0.        +0.j
  -0.        +0.j        ]
 [ 0.        +0.j          0.1640621 +0.j          0.        +0.j
  ...  0.        -0.j         -0.        +0.j
  -0.        +0.j        ]
 [ 0.        +0.j          0.        +0.j          0.20584461+0.j
  ...  0.        -0.j         -0.        +0.j
  -0.        +0.j        ]
 ...
 [ 0.        +0.j          0.        +0.j          0.        +0.j
  ... -0.03547604-0.00162034j -0.        +0.j
  -0.        +0.j        ]
 [ 0.        +0.j          0.        +0.j          0.        +0.j
  ...  0.        -0.j         -0.00739714+0.0005568j
  -0.        +0.j        ]
 [ 0.        +0.j          0.        +0.j          0.        +0.j
  ...  0.        -0.j         -0.        +0.j
  -0.01140466+0.00083916j]]
 Propagated Mean Self Consistent Cij 6x6 Voigt Tensor: 
 [[ 2.81724546e+02  1.36883467e+02  1.19391986e+02  3.18206971e-01
  -1.91178990e+01 -4.65765278e-01]
 [ 1.36883467e+02  2.65460472e+02  1.35656061e+02  1.42626459e+00
   2.57318946e+00  3.45510621e-01]
 [ 1.19391986e+02  1.35656061e+02  2.82951953e+02 -1.74447156e+00
   1.65447095e+01  1.20254657e-01]
 [ 3.18206971e-01  1.42626459e+00 -1.74447156e+00  1.02869987e+02
   2.69248850e-02  3.67204087e+00]
 [-1.91178990e+01  2.57318946e+00  1.65447095e+01  2.69248850e-02
   8.63849780e+01  2.96244999e-01]
 [-4.65765278e-01  3.45510621e-01  1.20254657e-01  3.67204087e+00
   2.96244999e-01  1.05282840e+02]]
 Propagated Std Dev Self Consistent Cij 6x6 Voigt Tensor 
 [[0.54145272 0.4050458  0.45370102 1.13594874 0.61575021 1.94858511]
 [0.4050458  0.38814716 0.36535325 1.67652439 0.57074469 2.07680683]
 [0.45370102 0.36535325 0.54841391 1.76313189 0.52387767 2.33437204]
 [1.13594874 1.67652439 1.76313189 0.4986426  2.3741186  0.77436661]
 [0.61575021 0.57074469 0.52387767 2.3741186  0.50161089 1.32745111]
 [1.94858511 2.07680683 2.33437204 0.77436661 1.32745111 0.54970296]]
 
 Mean UpperHS 6x6 bound from Mean Vtensor: 
 [[ 2.83992427e+02  1.35876282e+02  1.18131290e+02  3.03505704e-01
  -1.92931344e+01 -4.58428055e-01]
 [ 1.35876282e+02  2.67605680e+02  1.34518037e+02  1.43604178e+00
   2.65316062e+00  3.41447923e-01]
 [ 1.18131290e+02  1.34518037e+02  2.85350672e+02 -1.73954748e+00
   1.66399738e+01  1.16980131e-01]
 [ 3.03505704e-01  1.43604178e+00 -1.73954748e+00  1.04774012e+02
   4.19818705e-02  3.54477462e+00]
 [-1.92931344e+01  2.65316062e+00  1.66399738e+01  4.19818705e-02
   8.82126526e+01  2.85587437e-01]
 [-4.58428055e-01  3.41447923e-01  1.16980131e-01  3.54477462e+00
   2.85587437e-01  1.07107810e+02]]
 Upper 6x6 HS bound Propagated Std Dev: 
 [[0.54511762 0.41387177 0.45819264 1.13341058 0.6182717  1.92780644]
 [0.41387177 0.40252362 0.37434557 1.68817928 0.58287075 2.08742951]
 [0.45819264 0.37434557 0.55355227 1.74944459 0.52698193 2.30428509]
 [1.13341058 1.68817928 1.74944459 0.48309486 2.3362775  0.74754853]
 [0.6182717  0.58287075 0.52698193 2.3362775  0.49728683 1.28946655]
 [1.92780644 2.08742951 2.30428509 0.74754853 1.28946655 0.53124327]]
 
 Mean Lower HS 6x6 bound from Mean Vtensor: 
 [[ 2.78031341e+02  1.38456583e+02  1.21512077e+02  3.40054718e-01
  -1.86743171e+01 -4.74323099e-01]
 [ 1.38456583e+02  2.62104805e+02  1.37438612e+02  1.39854420e+00
   2.42729996e+00  3.49798073e-01]
 [ 1.21512077e+02  1.37438612e+02  2.79049311e+02 -1.73859891e+00
   1.62470171e+01  1.24525026e-01]
 [ 3.40054718e-01  1.39854420e+00 -1.73859891e+00  9.95611752e+01
   1.05215155e-03  3.86086514e+00]
 [-1.86743171e+01  2.42729996e+00  1.62470171e+01  1.05215155e-03
   8.33340210e+01  3.11630553e-01]
 [-4.74323099e-01  3.49798073e-01  1.24525026e-01  3.86086514e+00
   3.11630553e-01  1.02089940e+02]]
 Lower 6x6 HS bound Propagated Std Dev: 
 [[0.53275156 0.38830229 0.44418102 1.13727734 0.6080028  1.97092199]
 [0.38830229 0.3630772  0.34916762 1.64402494 0.54715631 2.04296729]
 [0.44418102 0.34916762 0.53686792 1.77508161 0.51584951 2.3681748 ]
 [1.13727734 1.64402494 1.77508161 0.52171159 2.42051777 0.81426548]
 [0.6080028  0.54715631 0.51584951 2.42051777 0.50608529 1.38458477]
 [1.97092199 2.04296729 2.3681748  0.81426548 1.38458477 0.57728291]]
 
 Mean Propagated Clmn: 
 OrderedDict([('c4-40', (1.257437751915329-0.024845381416924085j)), ('c4-30', (-0.6795032676997314+0.017587179025911913j)), ('c4-20', (0.7364130223959491+0.008924613415512376j)), ('c4-10', (1.0486385690313522+0.10594189246159316j)), ('c400', (0.9500880665788062+0j)), ('c410', (1.0486385690313522-0.10594189246159316j)), ('c420', (0.7364130223959491-0.008924613415512376j)), ('c430', (-0.6795032676997314-0.017587179025911913j)), ('c440', (1.257437751915329+0.024845381416924085j))])
 
 Variance Propagated Clmn: 
 OrderedDict([('c4-40', (-0.01140465730643565-0.0008391611662334818j)), ('c4-30', (-0.007397136606805117-0.0005567975336140652j)), ('c4-20', (-0.03547604091016807+0.0016203410494867558j)), ('c4-10', (-0.00993157140369835-0.0003011936992393552j)), ('c400', (0.001616618381872671+0j)), ('c410', (-0.00993157140369835+0.0003011936992393552j)), ('c420', (-0.03547604091016807-0.0016203410494867558j)), ('c430', (-0.007397136606805117+0.0005567975336140652j)), ('c440', (-0.01140465730643565+0.0008391611662334818j))])
 Std Dev Propagated Clmn: 
OrderedDict([('c4-40', (0.00392627706346529-0.10686474141649688j)), ('c4-30', (0.0032346593932247743-0.08606741327700801j)), ('c4-20', (0.0043002697996442595+0.18839992895571328j)), ('c4-10', (0.001510973997820993-0.09966872351003819j)), ('c400', (0.04020719316083468+0j)), ('c410', (0.001510973997820993+0.09966872351003819j)), ('c420', (0.0043002697996442595-0.18839992895571328j)), ('c430', (0.0032346593932247743+0.08606741327700801j)), ('c440', (0.00392627706346529+0.10686474141649688j))])
 
 Total Inversion Time: 
 26126.081530570984