

 Total Inversion Time:
 167223.87115836143

 Total Inversion Time:
 167223.87115836143

 Total Inversion Time:
 167223.87115836143

 Total Inversion Time:
 167223.87115836143

 Total Inversion Time:
 167223.87115836143

 Total Inversion Time:
 167223.87115836143
Input Prior ImproperUniform()
Parameter Proposals are norm(Mean,Std_dev) for V or invgamma(mean,std) for sigma(std_dev):
{'v1111': (0.07575314502542638, 0.004), 'v1112': (0.002052598807725112, 0.016), 'v1113': (0.09610772014182667, 0.014), 'v1122': (-0.08320506371691135, 0.003), 'v1123': (-0.001154965333589671, 0.011), 'v1222': (-0.0015618723355480249, 0.012), 'v1223': (-0.01456392907106074, 0.011), 'v2222': (0.15673757487591153, 0.004), 'v2223': (-0.007083243520877344, 0.015), 'rs': (-0.015, 0.0008), 'std_dev': (1.28, 0.078)}

 Dimension 1 in mm: 0.0069123
 Dimension 2 in mm: 0.008214
 Dimension 3 in mm: 0.008673
 Density: 8580.06
 Polynomial Order: 14
 SMCPy Parameters
 Particle Number: 5000
 Number of time_steps: 10
 Number of MCMC steps: 8
 Calculated Variable Mean {'v1111': 0.07691686059619031, 'v1112': -0.0005210047542177905, 'v1113': 0.09873579141836467, 'v1122': -0.08223573876932594, 'v1123': 0.0004567088818662688, 'v1222': 0.0014595483802993447, 'v1223': -0.01681293640607462, 'v2222': 0.1572379305055122, 'v2223': 0.00012240211101076771, 'rs': -0.01629968486945121, 'std_dev': 1.2573475080139942}

 Calculated Variable Std Dev {'v1111': 0.0030826860941664098, 'v1112': 0.011279303010217562, 'v1113': 0.002982639977939297, 'v1122': 0.0020055087431503278, 'v1123': 0.006148702339181253, 'v1222': 0.009245826264693063, 'v1223': 0.003303573505361935, 'v2222': 0.0023407649181254975, 'v2223': 0.010697411765236383, 'rs': 0.0005086660395316757, 'std_dev': 0.11672188494017646}

 Calculated Variable Covar [[ 9.50295356e-06 -1.25369206e-06  4.93297974e-07 -2.75780474e-06
   5.18762437e-08  1.24431766e-06  1.20901037e-06  1.92478682e-06
   5.97612302e-07  8.24721032e-07  1.43461385e-06]
 [-1.25369206e-06  1.27222676e-04  1.45753398e-07 -2.57478461e-07
   3.71612748e-06 -3.82061934e-05 -1.66924284e-06 -7.81956418e-07
  -1.69108657e-05  1.12163432e-07 -5.29780709e-05]
 [ 4.93297974e-07  1.45753398e-07  8.89614124e-06  1.43583498e-06
   8.17408516e-09 -7.25050291e-07 -6.45818601e-06 -3.06993911e-07
   1.07110128e-06  5.14679809e-07 -2.41081049e-06]
 [-2.75780474e-06 -2.57478461e-07  1.43583498e-06  4.02206532e-06
  -2.16599773e-08  2.00275240e-07 -1.20161217e-06 -2.97849162e-06
   3.40576295e-07 -2.46452136e-07  4.65667502e-06]
 [ 5.18762437e-08  3.71612748e-06  8.17408516e-09 -2.16599773e-08
   3.78065405e-05 -2.76665013e-05  5.95303106e-07  3.69461102e-07
  -2.59229175e-05  6.48974094e-08  1.33281747e-05]
 [ 1.24431766e-06 -3.82061934e-05 -7.25050291e-07  2.00275240e-07
  -2.76665013e-05  8.54853033e-05  1.03129721e-06  1.01459759e-07
   3.41725495e-05  3.40024577e-08  2.88352274e-05]
 [ 1.20901037e-06 -1.66924284e-06 -6.45818601e-06 -1.20161217e-06
   5.95303106e-07  1.03129721e-06  1.09135979e-05  2.23624846e-07
   6.08852806e-07 -2.09954050e-07  4.91023751e-06]
 [ 1.92478682e-06 -7.81956418e-07 -3.06993911e-07 -2.97849162e-06
   3.69461102e-07  1.01459759e-07  2.23624846e-07  5.47918040e-06
  -9.57906459e-08  5.36914286e-07 -5.65757485e-06]
 [ 5.97612302e-07 -1.69108657e-05  1.07110128e-06  3.40576295e-07
  -2.59229175e-05  3.41725495e-05  6.08852806e-07 -9.57906459e-08
   1.14434618e-04 -1.84608492e-08 -1.74960142e-05]
 [ 8.24721032e-07  1.12163432e-07  5.14679809e-07 -2.46452136e-07
   6.48974094e-08  3.40024577e-08 -2.09954050e-07  5.36914286e-07
  -1.84608492e-08  2.58741140e-07  1.42694735e-06]
 [ 1.43461385e-06 -5.29780709e-05 -2.41081049e-06  4.65667502e-06
   1.33281747e-05  2.88352274e-05  4.91023751e-06 -5.65757485e-06
  -1.74960142e-05  1.42694735e-06  1.36239984e-02]]

 Residual stress factor across all frequencies (in %):
 N(-1.629968486945121, 0.050866603953167576)
 Single Crystal Elastic Constants used in Model: {'sc11': 236.4, 'sc12': 150.8, 'sc44': 134.1}



 All Propagated Means:
 {'c11': (281.6039187281937+0j), 'c12': (136.64922187636165+0j), 'c13': (119.74685939544395+0j), 'c22': (265.38650079442846+0j), 'c23': (135.96427732920927+0j), 'c33': (282.2888632753462+0j), 'c44': (103.26172167834943+0j), 'c55': (86.9103039600275+0j), 'c66': (105.06896850601376+0j), 'c14': (-0.12351684026152679+0j), 'c15': (-19.648404481633793+0j), 'c16': (0.10924587467400271+0j), 'c24': (-0.027115514894382492+0j), 'c25': (3.0123698887129766+0j), 'c26': (-0.297292433229738+0j), 'c34': (0.1506323551559093+0j), 'c35': (16.63603459292082+0j), 'c36': (0.18804655855573527+0j), 'c45': (0.22432866741759236+0j), 'c46': (4.243574638333504+0j), 'c56': (-0.09981115382673553+0j), 'HS_Upper_C11': (283.8500693183334+0j), 'HS_Upper_C12': (135.64702850918883+0j), 'HS_Upper_C13': (118.502902172477+0j), 'HS_Upper_C22': (267.52674588866535+0j), 'HS_Upper_C23': (134.8262256021452+0j), 'HS_Upper_C33': (284.6708722253772+0j), 'HS_Upper_C44': (105.14799844690334+0j), 'HS_Upper_C55': (88.7232368776425+0j), 'HS_Upper_C66': (106.89540215959232+0j), 'HS_Upper_C14': (-0.11797188134352013+0j), 'HS_Upper_C15': (-19.825233529246958+0j), 'HS_Upper_C16': (0.10913608356000687+0j), 'HS_Upper_C24': (-0.02674805903400943+0j), 'HS_Upper_C25': (3.097451367239004+0j), 'HS_Upper_C26': (-0.29861866284447147+0j), 'HS_Upper_C34': (0.14471994037752953+0j), 'HS_Upper_C35': (16.727782162007955+0j), 'HS_Upper_C36': (0.18948257928446455+0j), 'HS_Upper_C45': (0.2186893361162407+0j), 'HS_Upper_C46': (4.095343808931283+0j), 'HS_Upper_C56': (-0.09908289719710424+0j), 'HS_Lower_C11': (277.9465233699719+0j), 'HS_Lower_C12': (138.21687937616684+0j), 'HS_Lower_C13': (121.83659725386046+0j), 'HS_Lower_C22': (262.03896525387626+0j), 'HS_Lower_C23': (137.7441553699562+0j), 'HS_Lower_C33': (278.41924737618257+0j), 'HS_Lower_C44': (99.98102031712097+0j), 'HS_Lower_C55': (83.87918800080273+0j), 'HS_Lower_C66': (101.87636598892132+0j), 'HS_Lower_C14': (-0.13189828195547132+0j), 'HS_Lower_C15': (-19.199571050208167+0j), 'HS_Lower_C16': (0.10851967695140044+0j), 'HS_Lower_C24': (-0.027575603487999815+0j), 'HS_Lower_C25': (2.8549599864913735+0j), 'HS_Lower_C26': (-0.29273407311836813+0j), 'HS_Lower_C34': (0.15947388544347113+0j), 'HS_Lower_C35': (16.344611063716794+0j), 'HS_Lower_C36': (0.18421439616696766+0j), 'HS_Lower_C45': (0.2320927734317907+0j), 'HS_Lower_C46': (4.464295166502636+0j), 'HS_Lower_C56': (-0.10005526002547765+0j), 'c4-40': (1.2503028903774105+0.013614051985210242j), 'c4-30': (-0.7250714291357088+0.006064634378780031j), 'c4-20': (0.7303809135064957+0.01706885507767837j), 'c4-10': (1.053513263523619-0.0074472637941727345j), 'c400': (1.0018869714049492+0j), 'c410': (1.053513263523619+0.0074472637941727345j), 'c420': (0.7303809135064957-0.01706885507767837j), 'c430': (-0.7250714291357088-0.006064634378780031j), 'c440': (1.2503028903774105-0.013614051985210242j), }
 All Propagted Std Devs:
 {'c11': (0.5866845279147561+0j), 'c12': (0.37005036453268925+0j), 'c13': (0.5292302458573089+0j), 'c22': (0.38632969480146834+0j), 'c23': (0.3453803253632015+0j), 'c33': (0.646377437945887+0j), 'c44': (0.47275499640302077+0j), 'c55': (0.6227797827289544+0j), 'c66': (0.5036135459708962+0j), 'c14': (1.2611795001231518+0j), 'c15': (0.5972492137449689+0j), 'c16': (2.4860444813011737+0j), 'c24': (2.153721848435862+0j), 'c25': (0.617956223433644+0j), 'c26': (1.8740197414518662+0j), 'c34': (2.130907405571685+0j), 'c35': (0.5226919455862264+0j), 'c36': (2.6172356137799992+0j), 'c45': (2.65355372155801+0j), 'c46': (0.8290806840620678+0j), 'c56': (1.4899130350841998+0j), 'HS_Upper_C11': (0.594912353795873+0j), 'HS_Upper_C12': (0.37713018015888083+0j), 'HS_Upper_C13': (0.5391294423238085+0j), 'HS_Upper_C22': (0.40313532512734274+0j), 'HS_Upper_C23': (0.3525341949072189+0j), 'HS_Upper_C33': (0.6588639848403892+0j), 'HS_Upper_C44': (0.4560604139718186+0j), 'HS_Upper_C55': (0.6157578861600969+0j), 'HS_Upper_C66': (0.4860686675518645+0j), 'HS_Upper_C14': (1.2580767804098325+0j), 'HS_Upper_C15': (0.6001199431682094+0j), 'HS_Upper_C16': (2.456641538805295+0j), 'HS_Upper_C24': (2.1680450416833046+0j), 'HS_Upper_C25': (0.6299518587372344+0j), 'HS_Upper_C26': (1.883742269542375+0j), 'HS_Upper_C34': (2.119881471093264+0j), 'HS_Upper_C35': (0.5259495071277385+0j), 'HS_Upper_C36': (2.579699130663766+0j), 'HS_Upper_C45': (2.6085442975650652+0j), 'HS_Upper_C46': (0.8007854441051973+0j), 'HS_Upper_C56': (1.4439563106692672+0j), 'HS_Lower_C11': (0.5705350205421003+0j), 'HS_Lower_C12': (0.3570121638894872+0j), 'HS_Lower_C13': (0.5102767292636012+0j), 'HS_Lower_C22': (0.3576146396617959+0j), 'HS_Lower_C23': (0.3323557912951799+0j), 'HS_Lower_C33': (0.6223041851263665+0j), 'HS_Lower_C44': (0.4984129975673312+0j), 'HS_Lower_C55': (0.6302237646668218+0j), 'HS_Lower_C66': (0.530256660450042+0j), 'HS_Lower_C14': (1.264462354859955+0j), 'HS_Lower_C15': (0.5893801539487715+0j), 'HS_Lower_C16': (2.519232129077719+0j), 'HS_Lower_C24': (2.1130679679861757+0j), 'HS_Lower_C25': (0.5944620452186186+0j), 'HS_Lower_C26': (1.843470187811386+0j), 'HS_Lower_C34': (2.1359994484483056+0j), 'HS_Lower_C35': (0.5145774425359494+0j), 'HS_Lower_C36': (2.661801546440567+0j), 'HS_Lower_C45': (2.71069641880657+0j), 'HS_Lower_C46': (0.871253347957323+0j), 'HS_Lower_C56': (1.561015787432846+0j), 'c4-40': (6.584232128498864e-05+0.11390545835324734j), 'c4-30': (0.0010324945712730854+0.10474564511216142j), 'c4-20': (0.0005281524687041745-0.21014167300931125j), 'c4-10': (0.003035869750810151-0.12438690690043158j), 'c400': (0.04975351504488842+0j), 'c410': (0.003035869750810151+0.12438690690043158j), 'c420': (0.0005281524687041745+0.21014167300931125j), 'c430': (0.0010324945712730854-0.10474564511216142j), 'c440': (6.584232128498864e-05-0.11390545835324734j), }
 Ordered Covariance Matrix (by input parameter order)
 [[0.34419874+0.j 0.        +0.j 0.        +0.j ... 0.        +0.j
  0.        +0.j 0.        +0.j]
 [0.        +0.j 0.13693727+0.j 0.        +0.j ... 0.        +0.j
  0.        +0.j 0.        +0.j]
 [0.        +0.j 0.        +0.j 0.28008465+0.j ... 0.        +0.j
  0.        +0.j 0.        +0.j]
 ...
 [0.        +0.j 0.        +0.j 0.        +0.j ... 0.18731188+0.j
  0.        +0.j 0.        +0.j]
 [0.        +0.j 0.        +0.j 0.        +0.j ... 0.        +0.j
  0.18646864+0.j 0.        +0.j]
 [0.        +0.j 0.        +0.j 0.        +0.j ... 0.        +0.j
  0.        +0.j 0.27898551+0.j]]
 Propagated Mean Self Consistent Cij 6x6 Voigt Tensor:
 [[ 2.81603919e+02  1.36649222e+02  1.19746859e+02 -1.23516840e-01
  -1.96484045e+01  1.09245875e-01]
 [ 1.36649222e+02  2.65386501e+02  1.35964277e+02 -2.71155149e-02
   3.01236989e+00 -2.97292433e-01]
 [ 1.19746859e+02  1.35964277e+02  2.82288863e+02  1.50632355e-01
   1.66360346e+01  1.88046559e-01]
 [-1.23516840e-01 -2.71155149e-02  1.50632355e-01  1.03261722e+02
   2.24328667e-01  4.24357464e+00]
 [-1.96484045e+01  3.01236989e+00  1.66360346e+01  2.24328667e-01
   8.69103040e+01 -9.98111538e-02]
 [ 1.09245875e-01 -2.97292433e-01  1.88046559e-01  4.24357464e+00
  -9.98111538e-02  1.05068969e+02]]
 Propagated Std Dev Self Consistent Cij 6x6 Voigt Tensor
 [[0.58668453 0.37005036 0.52923025 1.2611795  0.59724921 2.48604448]
 [0.37005036 0.38632969 0.34538033 2.15372185 0.61795622 1.87401974]
 [0.52923025 0.34538033 0.64637744 2.13090741 0.52269195 2.61723561]
 [1.2611795  2.15372185 2.13090741 0.472755   2.65355372 0.82908068]
 [0.59724921 0.61795622 0.52269195 2.65355372 0.62277978 1.48991304]
 [2.48604448 1.87401974 2.61723561 0.82908068 1.48991304 0.50361355]]

 Mean Propagated UpperHS 6x6 bound:
 [[ 2.83850069e+02  1.35647029e+02  1.18502902e+02 -1.17971881e-01
  -1.98252335e+01  1.09136084e-01]
 [ 1.35647029e+02  2.67526746e+02  1.34826226e+02 -2.67480590e-02
   3.09745137e+00 -2.98618663e-01]
 [ 1.18502902e+02  1.34826226e+02  2.84670872e+02  1.44719940e-01
   1.67277822e+01  1.89482579e-01]
 [-1.17971881e-01 -2.67480590e-02  1.44719940e-01  1.05147998e+02
   2.18689336e-01  4.09534381e+00]
 [-1.98252335e+01  3.09745137e+00  1.67277822e+01  2.18689336e-01
   8.87232369e+01 -9.90828972e-02]
 [ 1.09136084e-01 -2.98618663e-01  1.89482579e-01  4.09534381e+00
  -9.90828972e-02  1.06895402e+02]]
 Upper 6x6 HS bound Propagated Std Dev:
 [[0.59491235 0.37713018 0.53912944 1.25807678 0.60011994 2.45664154]
 [0.37713018 0.40313533 0.35253419 2.16804504 0.62995186 1.88374227]
 [0.53912944 0.35253419 0.65886398 2.11988147 0.52594951 2.57969913]
 [1.25807678 2.16804504 2.11988147 0.45606041 2.6085443  0.80078544]
 [0.60011994 0.62995186 0.52594951 2.6085443  0.61575789 1.44395631]
 [2.45664154 1.88374227 2.57969913 0.80078544 1.44395631 0.48606867]]

 Mean Propagated Lower HS 6x6 bound:
 [[ 2.77946523e+02  1.38216879e+02  1.21836597e+02 -1.31898282e-01
  -1.91995711e+01  1.08519677e-01]
 [ 1.38216879e+02  2.62038965e+02  1.37744155e+02 -2.75756035e-02
   2.85495999e+00 -2.92734073e-01]
 [ 1.21836597e+02  1.37744155e+02  2.78419247e+02  1.59473885e-01
   1.63446111e+01  1.84214396e-01]
 [-1.31898282e-01 -2.75756035e-02  1.59473885e-01  9.99810203e+01
   2.32092773e-01  4.46429517e+00]
 [-1.91995711e+01  2.85495999e+00  1.63446111e+01  2.32092773e-01
   8.38791880e+01 -1.00055260e-01]
 [ 1.08519677e-01 -2.92734073e-01  1.84214396e-01  4.46429517e+00
  -1.00055260e-01  1.01876366e+02]]
 Lower 6x6 HS bound Propagated Std Dev:
 [[0.57053502 0.35701216 0.51027673 1.26446235 0.58938015 2.51923213]
 [0.35701216 0.35761464 0.33235579 2.11306797 0.59446205 1.84347019]
 [0.51027673 0.33235579 0.62230419 2.13599945 0.51457744 2.66180155]
 [1.26446235 2.11306797 2.13599945 0.498413   2.71069642 0.87125335]
 [0.58938015 0.59446205 0.51457744 2.71069642 0.63022376 1.56101579]
 [2.51923213 1.84347019 2.66180155 0.87125335 1.56101579 0.53025666]]

 Mean Propagated Clmn:
 OrderedDict([('c400', 1.0018869714049492), ('c410', 1.053513263523619), ('c420', 0.7303809135064957), ('c430', -0.7250714291357088), ('c440', 1.2503028903774105), ('c440imag', -0.013614051985210242), ('c430imag', -0.006064634378780031), ('c420imag', -0.01706885507767837), ('c410imag', 0.0074472637941727345)])
 Std Dev Propagated Clmn:
OrderedDict([('c400', 0.04975351504488842), ('c410', 0.003035869750810151), ('c420', 0.0005281524687041745), ('c430', 0.0010324945712730854), ('c440', 6.584232128498864e-05), ('c440imag', -0.11390545835324734), ('c430imag', -0.10474564511216142), ('c420imag', 0.21014167300931125), ('c410imag', 0.12438690690043158)])



 Total Inversion Time:
 181402.88971495628
